   5.0000000e+02  -5.4521860e+01
   5.0400000e+02  -5.7683970e+01
   5.0800000e+02  -6.2189177e+01
   5.1200000e+02  -6.6612759e+01
   5.1600000e+02  -6.6041989e+01
   5.2000000e+02  -6.0942954e+01
   5.2400000e+02  -5.7004935e+01
   5.2800000e+02  -5.5033468e+01
   5.3200000e+02  -5.4450204e+01
   5.3600000e+02  -5.4963557e+01
   5.4000000e+02  -5.6006110e+01
   5.4400000e+02  -5.7061571e+01
   5.4800000e+02  -5.8591433e+01
   5.5200000e+02  -6.0131722e+01
   5.5600000e+02  -6.2728896e+01
   5.6000000e+02  -6.5413710e+01
   5.6400000e+02  -6.8472516e+01
   5.6800000e+02  -6.7383937e+01
   5.7200000e+02  -6.3616791e+01
   5.7600000e+02  -6.0094975e+01
   5.8000000e+02  -5.7826410e+01
   5.8400000e+02  -5.6678393e+01
   5.8800000e+02  -5.6952708e+01
   5.9200000e+02  -5.9064043e+01
   5.9600000e+02  -6.5518806e+01
   6.0000000e+02  -7.3469395e+01
   6.0400000e+02  -6.0285783e+01
   6.0800000e+02  -5.5644521e+01
   6.1200000e+02  -5.3455329e+01
   6.1600000e+02  -5.2268545e+01
   6.2000000e+02  -5.1720052e+01
   6.2400000e+02  -5.1229115e+01
   6.2800000e+02  -5.1041522e+01
   6.3200000e+02  -5.1009231e+01
   6.3600000e+02  -5.1410369e+01
   6.4000000e+02  -5.2009847e+01
   6.4400000e+02  -5.3059933e+01
   6.4800000e+02  -5.4862365e+01
   6.5200000e+02  -5.8027737e+01
   6.5600000e+02  -6.4255680e+01
   6.6000000e+02  -7.1406245e+01
   6.6400000e+02  -6.0422941e+01
   6.6800000e+02  -5.5605294e+01
   6.7200000e+02  -5.2878450e+01
   6.7600000e+02  -5.1562409e+01
   6.8000000e+02  -5.1218366e+01
   6.8400000e+02  -5.1459058e+01
   6.8800000e+02  -5.2220452e+01
   6.9200000e+02  -5.3549355e+01
   6.9600000e+02  -5.5715856e+01
   7.0000000e+02  -5.9059633e+01
   7.0400000e+02  -6.4322422e+01
   7.0800000e+02  -7.2475761e+01
   7.1200000e+02  -6.8807693e+01
   7.1600000e+02  -6.3139633e+01
   7.2000000e+02  -6.0245545e+01
   7.2400000e+02  -5.8929182e+01
   7.2800000e+02  -5.8485418e+01
   7.3200000e+02  -5.9024081e+01
   7.3600000e+02  -6.0558996e+01
   7.4000000e+02  -6.3465945e+01
   7.4400000e+02  -6.6720795e+01
   7.4800000e+02  -6.6505183e+01
   7.5200000e+02  -6.2704964e+01
   7.5600000e+02  -5.9885472e+01
   7.6000000e+02  -5.8202468e+01
   7.6400000e+02  -5.7386734e+01
   7.6800000e+02  -5.7426650e+01
   7.7200000e+02  -5.8353589e+01
   7.7600000e+02  -5.9063446e+01
   7.8000000e+02  -5.8862303e+01
   7.8400000e+02  -6.0064567e+01
   7.8800000e+02  -5.9616715e+01
   7.9200000e+02  -5.8432549e+01
   7.9600000e+02  -5.7749747e+01
   8.0000000e+02  -5.7317512e+01
   8.0400000e+02  -5.7134421e+01
   8.0800000e+02  -5.6970071e+01
   8.1200000e+02  -5.6764289e+01
   8.1600000e+02  -5.7084813e+01
   8.2000000e+02  -5.7850112e+01
   8.2400000e+02  -5.9001160e+01
   8.2800000e+02  -6.0003108e+01
   8.3200000e+02  -6.0535891e+01
   8.3600000e+02  -5.9776426e+01
   8.4000000e+02  -5.8726248e+01
   8.4400000e+02  -5.7660498e+01
   8.4800000e+02  -5.7418566e+01
   8.5200000e+02  -5.7522743e+01
   8.5600000e+02  -5.8163103e+01
   8.6000000e+02  -5.8580225e+01
   8.6400000e+02  -5.9940087e+01
   8.6800000e+02  -6.1079790e+01
   8.7200000e+02  -6.2178015e+01
   8.7600000e+02  -6.1621576e+01
   8.8000000e+02  -6.0237645e+01
   8.8400000e+02  -5.9110436e+01
   8.8800000e+02  -5.9335969e+01
   8.9200000e+02  -6.0244948e+01
   8.9600000e+02  -6.1995153e+01
   9.0000000e+02  -6.4535599e+01
   9.0400000e+02  -6.8239174e+01
   9.0800000e+02  -7.2857606e+01
   9.1200000e+02  -7.7185234e+01
   9.1600000e+02  -7.3778344e+01
   9.2000000e+02  -7.1669444e+01
   9.2400000e+02  -6.9133454e+01
   9.2800000e+02  -6.6810319e+01
   9.3200000e+02  -6.4239649e+01
   9.3600000e+02  -6.2741435e+01
   9.4000000e+02  -6.1562230e+01
   9.4400000e+02  -6.0237415e+01
   9.4800000e+02  -5.9447358e+01
   9.5200000e+02  -5.8775626e+01
   9.5600000e+02  -5.8350098e+01
   9.6000000e+02  -5.7935043e+01
   9.6400000e+02  -5.8276650e+01
   9.6800000e+02  -5.9169047e+01
   9.7200000e+02  -6.0340995e+01
   9.7600000e+02  -6.1696402e+01
   9.8000000e+02  -6.3692214e+01
   9.8400000e+02  -6.6432240e+01
   9.8800000e+02  -6.6509776e+01
   9.9200000e+02  -6.2997745e+01
   9.9600000e+02  -5.9489617e+01
   1.0000000e+03  -5.7087110e+01
   1.0040000e+03  -5.4968426e+01
   1.0080000e+03  -5.3442422e+01
   1.0120000e+03  -5.2363076e+01
   1.0160000e+03  -5.1805810e+01
   1.0200000e+03  -5.1394384e+01
   1.0240000e+03  -5.1108861e+01
   1.0280000e+03  -5.1130220e+01
   1.0320000e+03  -5.1334532e+01
   1.0360000e+03  -5.1724600e+01
   1.0400000e+03  -5.2256464e+01
   1.0440000e+03  -5.2853003e+01
   1.0480000e+03  -5.3342103e+01
   1.0520000e+03  -5.3575721e+01
   1.0560000e+03  -5.3545083e+01
   1.0600000e+03  -5.3610217e+01
   1.0640000e+03  -5.3600479e+01
   1.0680000e+03  -5.3683297e+01
   1.0720000e+03  -5.3539342e+01
   1.0760000e+03  -5.3379952e+01
   1.0800000e+03  -5.3253314e+01
   1.0840000e+03  -5.2811663e+01
   1.0880000e+03  -5.2231430e+01
   1.0920000e+03  -5.1487399e+01
   1.0960000e+03  -5.0669690e+01
   1.1000000e+03  -4.9941276e+01
   1.1040000e+03  -4.9212863e+01
   1.1080000e+03  -4.8614073e+01
   1.1120000e+03  -4.8074124e+01
   1.1160000e+03  -4.7741382e+01
   1.1200000e+03  -4.7546578e+01
   1.1240000e+03  -4.7526872e+01
   1.1280000e+03  -4.7392884e+01
   1.1320000e+03  -4.7322330e+01
   1.1360000e+03  -4.7604684e+01
   1.1400000e+03  -4.8103200e+01
   1.1440000e+03  -4.8763633e+01
   1.1480000e+03  -4.9618593e+01
   1.1520000e+03  -5.0620909e+01
   1.1560000e+03  -5.1419647e+01
   1.1600000e+03  -5.2043562e+01
   1.1640000e+03  -5.2724756e+01
   1.1680000e+03  -5.2772987e+01
   1.1720000e+03  -5.2481768e+01
   1.1760000e+03  -5.2286229e+01
   1.1800000e+03  -5.2515437e+01
   1.1840000e+03  -5.3029112e+01
   1.1880000e+03  -5.3906902e+01
   1.1920000e+03  -5.4898101e+01
   1.1960000e+03  -5.5665743e+01
   1.2000000e+03  -5.6460347e+01
   1.2040000e+03  -5.7071079e+01
   1.2080000e+03  -5.7570974e+01
   1.2120000e+03  -5.7193446e+01
   1.2160000e+03  -5.6342711e+01
   1.2200000e+03  -5.5679017e+01
   1.2240000e+03  -5.5508880e+01
   1.2280000e+03  -5.5908088e+01
   1.2320000e+03  -5.6618220e+01
   1.2360000e+03  -5.7650852e+01
   1.2400000e+03  -5.9020682e+01
   1.2440000e+03  -6.0113119e+01
   1.2480000e+03  -6.0641814e+01
   1.2520000e+03  -6.0986132e+01
   1.2560000e+03  -6.1381849e+01
   1.2600000e+03  -6.2316780e+01
   1.2640000e+03  -6.3124889e+01
   1.2680000e+03  -6.4004148e+01
   1.2720000e+03  -6.4790484e+01
   1.2760000e+03  -6.5234753e+01
   1.2800000e+03  -6.6078001e+01
   1.2840000e+03  -6.5770155e+01
   1.2880000e+03  -6.4370927e+01
   1.2920000e+03  -6.2829260e+01
   1.2960000e+03  -6.1432605e+01
   1.3000000e+03  -6.0523535e+01
