Freq  Med_P1P2  Med_P1P3  Med_P1P4  Med_P1P5  Med_P1P6  Med_P1P7  Med_P1P8  Med_P2P3  Med_P2P4  Med_P2P5  Med_P2P6  Med_P2P7  Med_P2P8  Med_P3P4  Med_P3P5  Med_P3P6  Med_P3P7  Med_P3P8  Med_P4P5  Med_P4P6  Med_P4P7  Med_P4P8  Med_P5P6  Med_P5P7  Med_P5P8  Med_P6P7  Med_P6P8  Med_P7P8
500	-45.853881	-57.746945	-59.612673	-62.587328	-59.435232	-59.193621	-43.862617	-47.401336	-55.669831	-60.63915	-61.737512	-61.054021	-63.543986	-46.212944	-56.764978	-59.988272	-63.467001	-59.534954	-48.231539	-57.759577	-62.347234	-66.944445	-46.923581	-58.03922	-62.060471	-48.367594	-58.688444	-47.626364
504	-45.413379	-56.221998	-60.664781	-64.520809	-60.972214	-56.689785	-44.000371	-46.752846	-55.533408	-63.342292	-63.437191	-60.966564	-60.12869	-45.892649	-56.094211	-62.234421	-66.134637	-59.896359	-47.595681	-58.778015	-67.017985	-71.435688	-46.456943	-57.871011	-66.494526	-48.034346	-58.560244	-47.364497
508	-44.835765	-55.639193	-62.135526	-65.742043	-63.76805	-55.408607	-43.815397	-46.242433	-56.10551	-67.608047	-65.79551	-61.29531	-57.570009	-45.410071	-56.317861	-66.683359	-67.987779	-61.315613	-47.100058	-60.371541	-76.683135	-69.599082	-45.874	-58.178582	-72.70552	-47.699215	-59.110757	-46.912374
512	-44.179788	-55.61664	-66.764707	-66.163667	-70.284686	-54.830579	-43.378018	-45.683789	-57.722968	-75.644486	-68.992759	-62.587696	-55.799409	-44.829701	-57.093081	-78.460211	-67.183529	-63.715961	-46.716834	-63.424651	-72.568639	-65.494645	-45.293584	-59.37437	-74.062351	-47.479928	-60.798861	-46.60269
516	-43.642274	-56.356491	-75.09434	-63.593502	-77.768314	-54.934205	-42.731917	-45.429042	-60.277653	-68.600395	-67.51866	-64.770687	-54.630217	-44.272068	-59.009887	-70.173343	-64.472257	-68.08254	-46.606732	-70.352392	-64.803805	-62.349071	-44.850555	-62.144391	-65.428271	-47.566697	-63.386434	-46.24055
520	-43.099753	-57.832611	-66.948763	-60.222624	-64.217555	-55.348066	-41.956559	-45.204657	-65.611133	-61.971911	-63.000317	-66.186129	-53.980717	-43.704008	-62.69711	-62.566383	-61.441562	-71.458563	-46.731809	-73.678806	-60.475994	-60.133421	-44.475094	-68.147996	-60.57668	-47.711295	-71.943437	-45.963387
524	-42.618553	-60.048536	-60.745578	-57.722692	-58.733092	-55.970925	-40.98015	-45.21095	-76.175018	-58.192776	-59.102903	-64.03598	-53.672044	-43.276597	-71.143046	-58.298698	-58.979755	-65.128463	-46.993768	-62.449987	-57.389582	-58.293232	-44.123198	-71.436056	-57.1132	-47.836418	-73.178774	-45.689944
528	-41.995603	-63.907871	-56.625248	-55.429966	-55.149909	-57.228952	-39.963182	-45.221239	-62.99972	-55.281325	-56.046807	-59.855615	-53.42708	-42.768939	-70.553397	-55.342371	-57.116048	-59.449333	-47.398901	-57.069058	-54.832738	-56.427826	-43.812595	-61.0136	-54.402754	-48.106783	-62.204794	-45.421601
532	-41.538702	-65.629644	-53.793997	-53.834005	-52.56477	-59.054029	-39.031007	-45.374978	-57.30139	-53.23347	-54.053751	-56.341103	-53.509209	-42.291139	-60.693351	-53.190109	-55.297172	-55.963943	-47.991628	-53.580131	-53.005916	-54.924835	-43.5454	-55.937623	-52.358988	-48.370074	-57.292111	-45.160652
536	-41.440588	-61.348317	-52.050177	-53.099436	-50.970463	-61.583267	-38.263136	-45.868304	-53.713062	-51.929693	-52.713732	-53.824956	-54.583089	-42.283284	-55.706715	-52.020687	-54.538212	-53.401725	-49.015854	-51.231733	-51.909988	-54.002306	-43.66841	-52.808999	-51.06086	-49.048329	-54.174281	-45.385865
540	-41.8437	-56.489147	-50.88714	-52.679604	-50.128226	-61.0441	-37.870588	-46.905346	-51.10909	-51.390847	-51.992117	-52.113932	-56.50899	-42.80564	-52.535418	-51.336875	-53.783478	-51.494059	-50.410947	-49.725848	-51.308304	-53.097048	-44.310331	-50.701063	-50.241682	-50.254911	-52.088256	-46.088142
544	-42.677715	-53.117626	-50.297537	-52.627102	-49.901452	-57.481679	-37.966221	-48.232136	-49.454519	-51.04584	-51.403157	-50.664913	-57.524075	-44.020674	-50.149493	-50.941755	-52.703306	-50.116283	-51.630941	-48.689863	-50.904365	-52.092895	-45.657791	-49.387915	-50.002552	-51.84444	-50.607404	-47.494719
548	-44.07901	-50.84557	-50.250547	-52.289444	-50.037323	-53.833408	-38.402039	-49.341339	-48.290563	-50.766932	-50.981349	-49.52567	-55.912268	-45.591922	-48.573376	-50.398728	-51.344086	-49.056872	-51.74256	-48.061355	-50.544659	-51.049974	-47.450531	-48.510125	-49.903932	-53.015102	-49.639952	-49.172808
552	-45.448702	-49.39678	-49.996994	-51.725381	-50.326016	-51.826848	-38.996878	-49.645097	-47.656772	-50.657748	-50.485038	-48.880809	-53.929639	-47.326372	-47.819974	-50.191936	-50.457615	-48.615267	-50.711628	-48.148583	-50.427988	-50.38132	-49.377626	-48.340401	-50.195886	-52.901968	-49.57978	-50.69872
556	-46.662633	-49.002717	-50.711214	-51.733511	-51.299715	-50.832479	-39.867502	-48.919531	-48.071185	-51.142163	-50.95434	-49.252273	-53.164662	-48.810944	-47.919834	-50.878964	-50.571117	-49.099315	-49.393381	-48.968404	-51.059253	-50.508418	-50.804322	-48.968312	-51.22815	-51.861941	-50.331482	-51.425297
560	-47.076816	-49.158615	-52.191376	-52.038418	-52.836696	-50.580947	-40.979966	-47.892457	-49.002625	-52.295462	-51.947791	-50.259825	-53.099161	-49.498615	-48.694365	-52.088256	-50.985391	-50.007513	-48.184273	-50.421879	-52.044894	-50.852092	-51.058655	-50.091066	-53.019558	-50.511587	-51.855005	-51.044554
564	-46.871814	-49.770174	-53.786418	-52.456091	-55.064932	-50.722376	-42.267483	-46.893403	-50.294138	-53.414724	-53.040182	-51.782706	-53.084416	-49.374365	-49.748769	-53.12865	-51.564613	-51.566405	-47.434408	-52.170201	-53.051022	-51.684959	-50.408834	-51.76029	-54.842338	-49.433298	-53.674019	-50.0246
568	-46.246613	-50.64948	-55.549026	-53.066089	-56.576421	-51.071012	-43.471217	-46.240779	-51.91922	-54.550063	-53.921371	-53.251017	-53.030169	-48.582471	-50.913046	-53.863632	-52.088072	-52.996499	-46.869701	-54.086318	-54.00768	-52.439555	-49.231512	-53.450323	-56.095037	-48.613154	-55.550633	-48.977269
572	-45.590774	-51.684729	-56.969887	-53.852057	-57.530414	-51.648442	-44.251536	-45.709099	-53.521014	-55.196853	-54.694754	-54.757545	-52.786124	-47.672528	-52.396883	-54.450893	-52.655856	-54.692595	-46.557537	-55.910614	-54.635821	-53.227223	-48.136456	-55.101817	-56.601455	-48.175408	-57.536018	-48.104303
576	-44.746883	-53.136734	-57.769315	-54.568345	-57.671752	-52.385675	-44.542892	-45.289129	-55.796332	-55.820033	-55.362168	-56.521255	-52.786032	-46.448675	-54.142036	-55.059328	-53.561757	-56.667139	-46.330671	-57.518793	-55.274159	-54.178047	-47.027713	-57.054956	-56.550468	-47.827737	-59.512079	-47.342679
580	-43.892382	-54.986983	-57.819336	-55.118307	-56.691944	-53.221757	-44.210793	-44.89433	-58.604111	-55.850258	-55.48798	-57.72531	-52.90601	-45.370201	-56.325118	-55.281233	-54.590944	-57.809093	-46.024478	-57.842119	-55.546821	-54.99571	-46.122179	-58.481055	-56.182449	-47.457788	-61.82768	-46.603103
584	-42.997321	-57.604367	-57.121009	-55.741487	-55.709334	-54.315572	-43.434608	-44.702603	-61.264856	-55.668774	-56.068074	-59.160136	-53.30159	-44.437199	-58.762719	-55.4917	-55.952643	-58.613159	-45.891822	-58.218544	-55.803405	-56.162697	-45.24641	-59.453789	-55.954389	-47.37621	-63.614678	-46.095859
588	-42.391917	-61.269358	-56.522127	-56.447669	-54.928509	-56.151352	-42.484152	-44.59544	-62.975696	-55.845159	-56.711695	-59.718642	-53.998355	-43.639242	-61.053562	-55.840703	-57.87317	-58.378026	-46.018369	-57.667388	-56.416021	-57.90808	-44.728694	-60.031036	-56.183184	-47.386499	-63.330809	-45.65848
592	-41.910534	-66.671462	-56.092098	-57.530552	-54.828604	-59.509506	-41.407332	-44.754462	-60.520549	-56.074046	-57.736656	-58.927896	-55.300984	-43.090612	-61.237985	-56.220482	-60.018863	-57.041222	-46.471412	-57.136075	-57.221236	-60.10701	-44.387316	-59.338312	-56.337612	-47.824659	-60.660003	-45.560504
596	-41.699882	-63.927164	-55.620957	-58.020663	-54.686715	-64.796042	-40.367718	-45.209572	-57.456507	-56.245286	-58.318128	-57.183754	-57.188531	-42.682768	-58.70544	-56.512206	-60.405991	-55.558763	-47.171071	-56.022095	-57.743638	-60.685772	-44.22393	-57.174154	-56.245745	-48.373611	-57.565186	-45.579015
600	-41.568513	-57.530552	-54.963695	-56.753632	-54.751573	-63.362319	-39.395443	-45.759258	-54.642803	-56.268896	-57.760955	-55.164057	-59.000333	-42.484152	-56.175054	-56.521806	-58.782424	-54.376297	-48.131909	-55.206637	-57.477269	-58.53149	-44.154846	-55.240214	-55.957604	-49.362192	-55.487245	-45.701244
604	-41.495616	-53.664602	-54.039144	-54.850239	-54.626818	-57.921217	-38.520318	-46.457218	-52.842484	-55.906986	-56.337107	-53.691979	-60.15253	-42.404687	-54.124581	-56.882843	-56.595437	-53.776634	-49.272117	-54.699255	-56.754735	-56.085897	-44.292876	-53.836348	-55.324732	-50.342644	-53.900793	-46.055759
608	-41.650596	-51.117359	-53.106097	-53.223181	-55.05083	-54.377353	-37.892682	-47.198907	-51.532276	-55.592019	-55.014543	-52.887132	-59.575742	-42.620942	-52.744232	-56.676188	-54.516486	-53.622987	-50.402311	-54.408037	-55.603457	-53.696894	-44.862819	-52.625173	-54.702287	-51.739804	-53.04133	-46.625059
612	-42.101709	-49.605916	-52.677629	-52.173049	-55.30838	-52.007964	-37.496919	-47.445386	-50.934497	-55.110636	-53.845948	-52.543595	-56.54808	-43.196305	-52.269188	-56.389334	-53.113722	-54.145435	-50.640844	-54.50096	-54.602703	-52.218385	-45.766608	-52.103597	-54.031979	-52.618696	-52.683416	-47.488702
616	-42.72714	-48.957977	-52.714697	-51.825791	-55.253351	-50.61209	-37.700542	-47.235975	-50.788107	-54.327148	-52.810009	-52.645337	-53.953249	-44.058615	-52.230879	-55.45601	-52.144708	-54.873389	-49.5948	-54.694524	-53.710766	-51.553865	-47.096245	-52.063911	-53.43521	-52.320909	-52.923878	-48.649717
620	-43.247797	-49.031609	-52.96035	-52.196705	-54.959377	-50.16162	-38.28376	-46.139128	-51.258099	-53.759501	-52.441117	-53.072106	-52.322379	-45.055143	-52.83022	-54.45939	-51.969747	-55.734597	-48.163878	-54.951476	-53.247021	-51.549226	-47.94202	-52.88805	-53.560471	-50.936886	-54.081725	-49.066151
624	-43.350642	-49.778947	-53.710812	-52.981112	-54.47781	-50.341266	-39.286213	-45.158172	-52.388385	-53.577283	-52.516724	-53.749258	-51.677334	-45.619482	-54.011309	-53.840069	-52.393254	-56.16922	-46.734289	-55.231809	-53.22263	-52.443184	-48.119966	-54.048423	-54.087742	-49.433803	-56.380514	-48.822519
628	-43.123914	-51.359153	-54.420898	-54.363527	-53.985632	-51.133527	-40.449296	-44.363338	-54.141576	-53.778977	-53.11928	-54.784783	-51.565348	-45.44861	-55.759769	-53.498966	-53.481787	-55.866105	-45.858612	-55.022076	-53.214362	-53.850449	-47.322514	-55.800558	-54.670133	-48.400528	-59.477215	-47.96122
632	-42.665222	-53.766207	-55.190928	-55.614802	-53.540766	-52.299045	-41.629145	-44.010707	-56.584459	-54.220398	-54.297934	-55.566113	-52.137083	-45.022576	-57.001995	-53.441136	-54.605275	-55.053035	-45.517418	-54.766134	-53.60962	-55.583062	-46.352949	-56.765988	-54.904716	-47.719885	-61.0215	-47.145991
636	-42.437207	-57.216826	-55.90377	-56.668563	-53.671998	-54.112868	-42.589523	-44.06105	-59.021187	-54.711198	-55.453622	-56.028801	-53.080741	-44.534487	-57.494173	-53.491433	-55.829128	-54.287691	-45.610847	-54.340009	-54.255032	-57.121422	-45.588156	-56.704438	-54.888685	-47.580569	-59.583276	-46.576416
640	-42.350439	-61.437934	-56.473116	-57.017107	-54.082	-56.632276	-43.108205	-44.401325	-59.056785	-55.024189	-55.957558	-55.84865	-54.192195	-44.125173	-56.703657	-53.886599	-56.464251	-53.917926	-46.120342	-54.505462	-55.101403	-57.7243	-45.133965	-55.509936	-54.654148	-47.685205	-57.401065	-46.329201
644	-42.26955	-62.348933	-56.489469	-56.818445	-54.414054	-58.550001	-43.166127	-44.873706	-57.289171	-54.987993	-55.811765	-55.288491	-55.226526	-43.924306	-55.42675	-54.101109	-55.945937	-53.675443	-46.683854	-54.027523	-55.293176	-56.770398	-44.888313	-54.315021	-54.242171	-47.936599	-55.821182	-46.132238
648	-42.274832	-58.77062	-55.748882	-55.923889	-54.543541	-58.364567	-42.763427	-45.451825	-55.284448	-54.489201	-54.997961	-54.307947	-55.5736	-43.750952	-53.971898	-53.926883	-55.025016	-53.272376	-47.523933	-53.565156	-54.855705	-55.312606	-44.72998	-53.464057	-53.819215	-48.364332	-54.933103	-46.173073
652	-42.335694	-55.577045	-54.582033	-54.899479	-54.360312	-56.596264	-42.179245	-46.076475	-53.634608	-53.968728	-54.152876	-53.542833	-55.306451	-43.626335	-52.878726	-53.61504	-53.827666	-52.944594	-48.250785	-53.258366	-54.588096	-53.863724	-44.694197	-52.711849	-53.619955	-48.984481	-54.22049	-46.30256
656	-42.474368	-53.494097	-53.674524	-53.822706	-54.197753	-55.072833	-41.557902	-46.895194	-52.603905	-53.557394	-53.401541	-52.906699	-54.931311	-43.657891	-52.211403	-53.725005	-53.040412	-52.917677	-49.448915	-53.097737	-53.990087	-52.750571	-44.952344	-52.4831	-53.525516	-49.929655	-54.182825	-46.707556
660	-42.716437	-52.046089	-53.288361	-53.110001	-54.296694	-53.743746	-40.89724	-48.052122	-51.862263	-53.379217	-52.847904	-52.665227	-54.592965	-43.825594	-51.635029	-53.467042	-52.456688	-52.904494	-51.19935	-53.204532	-53.543889	-51.928085	-45.255643	-52.558982	-53.534381	-51.246937	-54.246442	-47.210528
664	-43.156159	-50.868858	-52.860995	-52.732381	-54.167529	-52.750847	-40.32105	-49.792819	-51.477983	-53.263281	-52.531422	-52.595316	-53.832444	-44.211023	-51.64169	-53.326669	-52.056929	-53.135356	-53.931476	-53.331309	-53.008396	-51.3524	-45.936883	-52.664721	-53.42189	-53.260204	-54.382819	-48.152119
668	-43.90708	-50.284492	-52.441209	-52.349709	-53.780814	-51.837137	-39.891158	-51.99694	-51.366732	-52.877991	-52.129504	-52.559947	-52.772114	-45.082841	-51.651014	-53.096726	-51.555105	-53.188501	-59.117739	-53.135586	-52.307818	-50.945016	-47.019582	-52.699447	-53.109174	-56.557129	-54.749047	-49.535086
672	-44.831355	-49.767326	-51.790377	-51.838791	-52.695864	-50.895729	-39.588869	-54.182825	-50.995359	-52.189355	-51.698877	-52.182787	-51.59006	-46.197464	-51.451112	-52.395	-51.426905	-52.679833	-64.728474	-52.489347	-51.549042	-50.661147	-48.767767	-52.599496	-52.204192	-61.797042	-54.607939	-51.502098
676	-45.907991	-49.2243	-50.929077	-50.997334	-51.164303	-49.884594	-39.433155	-53.24206	-50.603087	-51.084424	-50.928801	-51.53494	-50.353805	-47.754014	-51.057599	-51.089431	-50.885256	-51.682525	-55.85577	-51.19494	-50.487518	-50.281322	-51.346291	-52.062854	-50.975791	-61.180384	-54.066567	-54.314792
680	-46.375686	-48.845532	-49.708393	-49.925429	-49.668661	-48.932576	-39.341288	-49.64597	-50.012244	-49.755246	-50.121933	-50.686135	-49.197613	-49.857356	-50.357664	-49.779131	-50.274892	-50.453941	-50.388164	-49.693878	-49.230409	-49.698288	-55.383114	-50.651317	-49.373033	-54.668893	-52.792968	-57.26942
684	-45.844051	-48.544805	-48.570941	-49.010985	-48.178899	-48.206872	-39.565214	-46.229066	-49.293476	-48.482657	-49.243546	-49.598888	-48.10908	-51.464294	-49.50748	-48.495197	-49.583408	-49.143641	-46.861341	-48.161398	-48.117945	-49.154068	-58.132189	-49.327834	-48.074216	-50.419399	-51.348864	-55.391703
688	-44.166743	-48.568415	-47.970361	-48.464559	-47.315854	-47.790944	-40.298129	-43.7538	-48.801436	-47.758837	-48.616462	-48.736853	-47.630131	-50.381549	-48.988569	-47.83697	-49.040107	-48.309258	-44.657313	-47.316221	-47.586632	-48.861471	-53.230071	-48.227083	-47.231979	-47.673492	-50.355643	-51.227048
692	-42.369318	-49.193065	-47.87831	-48.482887	-47.137264	-48.16296	-41.405632	-42.187605	-49.016267	-47.833433	-48.770017	-48.609204	-47.880744	-47.538677	-48.853892	-47.78433	-49.057148	-48.155702	-43.487524	-47.059177	-47.761225	-49.142538	-49.079104	-47.698618	-47.179064	-46.037569	-49.851155	-48.130669
696	-41.059064	-50.40617	-48.599007	-49.185394	-47.91129	-49.08627	-42.820569	-41.556754	-49.675321	-48.58463	-49.455483	-49.004462	-48.823576	-45.20654	-49.311528	-48.699693	-49.779269	-48.69216	-43.091117	-47.793057	-48.88306	-50.084773	-46.682063	-48.063054	-48.010231	-45.37654	-50.203098	-46.368015
700	-40.220363	-51.665116	-49.906367	-50.191752	-49.322322	-50.552698	-43.784851	-41.467229	-50.724765	-49.883033	-50.448107	-49.749045	-50.156567	-43.75651	-50.259274	-50.210768	-50.72798	-49.734943	-43.332774	-49.216445	-50.720217	-51.0525	-45.21614	-49.018012	-49.783357	-45.290736	-51.107023	-45.390917
704	-39.955373	-52.447594	-51.168758	-51.121998	-50.963941	-51.851376	-43.713425	-41.935797	-51.693549	-51.286578	-51.34721	-50.609288	-51.498928	-42.907797	-51.123605	-51.965429	-51.559652	-51.062698	-44.127837	-51.245054	-52.712722	-51.929831	-44.499026	-50.450404	-52.08945	-45.814241	-52.319898	-45.097218
708	-40.006129	-52.15316	-52.017196	-51.413446	-52.507812	-52.418701	-42.9343	-42.888367	-51.826067	-52.56477	-51.798277	-51.263335	-52.552046	-42.530866	-51.539947	-53.003895	-51.683122	-51.900387	-45.525319	-53.392952	-53.787153	-52.025464	-44.264489	-51.985135	-54.201198	-46.941679	-53.693081	-45.287567
712	-40.408323	-50.867572	-51.454924	-50.817826	-52.338869	-51.429477	-42.206437	-44.153146	-50.909647	-52.007137	-51.072803	-50.921636	-51.870577	-42.487367	-50.908269	-52.115632	-50.788612	-51.452398	-47.176721	-53.667313	-52.538588	-51.140142	-44.338534	-52.285264	-53.9024	-48.261717	-53.940112	-45.66932
716	-41.054333	-49.687448	-50.546313	-49.817348	-51.23527	-50.19065	-41.547108	-45.632895	-49.890612	-50.863162	-50.164192	-50.188261	-50.605843	-42.693654	-50.08266	-50.764405	-49.760023	-50.605981	-49.240055	-52.322241	-50.879744	-50.127445	-44.585656	-51.784819	-52.119169	-49.714273	-53.406272	-46.194524
720	-41.822847	-48.803457	-49.587864	-49.079609	-50.126389	-49.262379	-40.9745	-47.368815	-49.147545	-49.806783	-49.30891	-49.53628	-49.572155	-43.175497	-49.453095	-49.639585	-48.882509	-49.695165	-51.366732	-50.875886	-49.46591	-49.281166	-45.058818	-50.703773	-50.512184	-51.223189	-52.603951	-47.024957
724	-42.753322	-47.941744	-48.776218	-48.362495	-49.102484	-48.401539	-40.458896	-49.509593	-48.393316	-48.78614	-48.56644	-48.862895	-48.620182	-43.703549	-48.866661	-48.641817	-48.297683	-48.729458	-53.704243	-49.517999	-48.365573	-48.517291	-45.628026	-49.724608	-49.143273	-52.965035	-51.891384	-47.910968
728	-43.725276	-47.46376	-48.070679	-47.825946	-48.248075	-47.797237	-40.124546	-52.389488	-47.75631	-47.950563	-48.019004	-48.278161	-47.859523	-44.375511	-48.32065	-47.801004	-47.780288	-47.937059	-55.468871	-48.381879	-47.538264	-47.905916	-46.322265	-48.976351	-48.015008	-54.800585	-50.970371	-49.14387
732	-45.114949	-47.095511	-47.534359	-47.421914	-47.4938	-47.279658	-39.859096	-56.966029	-47.337672	-47.291647	-47.516445	-47.701649	-47.250352	-45.369834	-47.902011	-47.110623	-47.347594	-47.426002	-55.201952	-47.418285	-46.909526	-47.426416	-47.402944	-48.076283	-47.054538	-56.337383	-50.175629	-50.703451
736	-47.028769	-47.113333	-47.210344	-47.093673	-46.972041	-47.110439	-39.751704	-65.014502	-47.089539	-46.813938	-47.171163	-47.441528	-47.00718	-46.805716	-47.44263	-46.5958	-47.07948	-46.999142	-53.227223	-46.669707	-46.455932	-47.122887	-48.831614	-47.304462	-46.480047	-56.444362	-49.392371	-53.016434
740	-49.821528	-47.285767	-47.035889	-46.973924	-46.646924	-47.107637	-39.878296	-57.871379	-46.961201	-46.576048	-47.045121	-47.317094	-46.858448	-49.197842	-47.211676	-46.370082	-47.021741	-46.783025	-50.630188	-46.076245	-46.341787	-47.014484	-51.071287	-46.681236	-46.018507	-54.446391	-48.698774	-56.917891
744	-52.513416	-47.567799	-46.920458	-46.996799	-46.558731	-47.207129	-40.210855	-51.285108	-46.958123	-46.444541	-47.008512	-47.291279	-46.906999	-53.511414	-47.072498	-46.315835	-47.064643	-46.61523	-48.261717	-45.716586	-46.464843	-46.943792	-54.568528	-46.162601	-45.911069	-51.769063	-48.142198	-61.212446
748	-50.484394	-47.834397	-46.667732	-46.824135	-46.352536	-47.186918	-41.014141	-47.199182	-46.8827	-46.507791	-46.944573	-47.082557	-46.992619	-67.184724	-46.735529	-46.286024	-47.002954	-46.606364	-46.022917	-45.434003	-46.55377	-46.784081	-56.773613	-45.70377	-45.863573	-49.280752	-47.638261	-56.436186
752	-46.138485	-47.555167	-46.311563	-46.486708	-46.067013	-46.86249	-42.160228	-44.11176	-46.565575	-46.344911	-46.642147	-46.611555	-46.827029	-56.776232	-46.221304	-46.237748	-46.707464	-46.389191	-44.144511	-45.18982	-46.493	-46.531952	-52.322425	-45.166302	-45.959023	-46.891014	-47.012509	-50.912771
756	-42.5864	-46.745681	-45.749474	-45.790355	-45.64617	-46.202563	-44.050761	-41.858537	-46.119193	-46.117586	-46.119377	-45.974457	-46.431082	-48.937996	-45.474838	-46.061317	-46.130263	-46.049007	-42.513503	-45.027583	-46.314319	-45.942257	-47.76513	-44.603019	-45.840193	-44.984727	-46.391349	-47.305013
760	-40.083895	-45.782317	-45.239382	-45.125835	-45.326243	-45.400563	-47.126102	-40.257524	-45.567164	-45.830823	-45.502076	-45.302633	-45.975697	-44.713168	-44.835121	-45.828526	-45.499642	-45.575294	-41.418218	-44.989366	-45.856821	-45.253392	-44.56664	-44.298802	-45.666564	-43.598132	-46.007161	-44.668567
764	-38.344989	-44.725432	-44.944949	-44.638802	-45.171309	-44.7738	-50.404975	-39.316162	-45.22179	-45.543922	-44.967778	-44.792128	-45.384532	-42.197848	-44.410604	-45.455316	-44.864886	-45.137089	-40.813319	-45.122711	-45.343835	-44.690706	-42.462563	-44.213503	-45.440479	-42.876056	-45.988467	-42.937607
768	-37.397013	-43.943965	-44.709218	-44.434306	-45.099147	-44.357505	-48.874057	-39.008361	-44.990606	-45.395051	-44.627961	-44.501231	-44.943111	-40.668767	-44.307437	-45.169012	-44.46182	-44.852806	-40.828386	-45.343927	-44.875819	-44.377072	-41.17771	-44.326224	-45.181185	-42.751439	-46.235819	-42.008464
772	-37.026835	-43.642228	-44.792955	-44.441655	-45.060196	-44.269037	-45.308742	-39.317402	-45.038102	-45.250315	-44.425165	-44.509728	-44.650515	-39.92253	-44.54055	-45.032865	-44.32503	-44.811971	-41.468332	-45.59229	-44.576699	-44.368161	-40.620445	-44.793919	-44.849223	-43.122949	-46.878337	-41.734241
776	-37.19633	-43.623257	-44.955375	-44.500909	-45.160928	-44.389245	-42.873898	-40.112787	-45.049126	-45.044303	-44.508856	-44.600769	-44.506513	-39.832639	-45.013987	-44.814038	-44.426681	-44.766221	-42.527237	-45.729769	-44.470731	-44.487772	-40.611671	-45.271858	-44.667556	-43.867853	-47.44975	-41.897948
780	-37.723233	-43.762528	-45.115454	-44.835811	-45.179485	-44.529296	-41.266637	-41.274446	-44.821204	-44.592868	-44.312811	-44.836683	-44.582303	-39.913895	-45.188672	-44.933511	-44.713122	-44.813671	-44.080709	-45.515397	-44.311571	-44.431182	-40.809691	-45.869085	-44.551941	-44.729704	-47.671058	-42.621814
784	-38.588667	-44.450061	-45.344892	-45.078385	-45.062492	-44.955743	-40.385632	-42.819329	-45.162765	-44.732047	-44.805265	-44.926805	-44.468893	-40.599407	-45.808361	-44.755197	-44.870077	-44.930939	-45.447507	-45.388023	-44.50022	-44.921706	-41.576046	-45.973171	-44.621347	-46.133295	-47.780242	-43.222395
788	-39.805078	-45.185778	-45.605289	-45.501066	-45.229507	-45.338737	-39.931258	-44.765073	-45.309201	-44.783354	-45.1138	-45.212925	-44.675457	-41.426027	-46.080701	-44.925794	-45.313565	-45.127351	-47.144568	-45.213476	-44.917251	-45.286786	-42.481212	-46.15989	-44.82938	-47.468399	-47.576113	-44.272022
792	-41.410777	-46.075694	-45.929901	-45.986308	-45.51232	-45.997929	-39.851885	-47.407399	-45.619896	-45.191382	-45.530509	-45.764816	-45.271812	-42.642714	-46.42015	-45.370017	-45.864262	-45.674832	-48.795924	-45.416181	-45.464824	-45.906154	-43.771944	-46.445964	-45.434278	-48.886872	-47.695678	-45.725589
796	-43.340996	-47.010947	-46.486156	-46.522168	-46.020253	-46.726021	-40.081001	-50.986035	-46.030633	-45.712865	-46.149142	-46.234303	-45.995402	-44.094765	-46.712195	-45.908267	-46.588772	-46.200771	-50.464965	-45.575892	-46.189839	-46.623589	-45.410117	-46.702411	-46.190987	-50.390414	-47.828472	-47.541112
800	-45.883508	-47.87119	-46.872319	-46.930793	-46.436456	-47.277913	-40.364687	-55.631798	-46.395667	-46.189426	-46.756475	-46.750733	-46.696118	-45.899126	-46.854222	-46.429107	-47.107361	-46.730109	-51.08842	-45.926181	-47.005389	-47.205613	-47.253843	-46.815867	-46.919172	-51.51303	-47.877115	-49.680787
804	-49.161693	-48.52464	-47.124035	-47.289855	-46.735667	-47.717221	-40.769039	-59.232711	-46.696991	-46.612519	-47.088529	-47.108693	-47.2933	-48.055889	-46.883344	-46.936443	-47.508361	-47.093306	-50.608369	-46.195581	-47.51323	-47.512174	-49.305556	-46.783989	-47.514195	-51.902638	-47.663479	-51.794189
808	-53.362406	-48.766159	-47.434224	-47.599126	-47.144751	-48.076926	-41.203295	-55.059696	-46.930747	-47.139055	-47.493479	-47.425635	-47.800774	-50.968764	-46.852476	-47.401795	-47.84804	-47.506432	-49.567653	-46.536867	-48.122217	-47.819469	-51.738518	-46.799423	-48.026951	-51.544265	-47.663708	-53.847234
812	-55.205626	-48.88554	-47.752957	-47.834214	-47.692371	-48.37972	-41.819999	-50.571714	-47.264316	-47.71249	-47.906421	-47.816667	-48.402641	-55.77704	-46.833919	-48.041971	-48.10072	-47.87413	-48.409531	-47.112552	-48.512101	-48.027777	-54.639817	-46.945124	-48.662487	-50.79045	-47.846432	-55.375397
816	-50.297032	-48.638602	-48.220377	-48.25377	-48.299566	-48.459139	-42.827183	-47.395824	-47.762879	-48.485046	-48.34968	-48.237602	-48.907588	-63.400949	-46.906218	-48.592025	-48.374943	-48.343249	-47.158531	-47.896224	-48.841628	-48.157677	-55.343105	-47.195003	-49.231787	-49.706924	-48.193735	-54.031657
820	-45.81176	-47.995073	-48.602176	-48.504751	-48.898999	-48.402274	-44.418504	-44.877932	-48.340401	-49.217042	-48.649626	-48.597583	-49.200369	-54.599488	-47.152881	-49.148096	-48.409164	-48.670479	-45.887505	-48.968129	-48.922471	-48.329515	-52.142411	-47.655486	-49.347402	-48.264657	-48.686694	-51.107712
824	-42.674638	-47.223941	-48.65647	-48.34968	-49.315754	-47.834948	-47.028448	-42.941741	-48.785635	-49.280614	-48.718756	-48.553716	-48.75417	-48.710212	-47.317737	-48.926008	-48.127361	-48.67443	-44.871639	-50.045729	-48.480636	-48.161582	-48.538375	-48.173479	-48.819717	-46.911776	-49.211347	-48.288037
828	-40.30874	-46.396127	-48.208664	-47.694438	-48.808739	-47.005251	-51.10638	-41.523038	-48.544759	-48.365802	-48.094978	-48.110596	-47.734951	-45.032176	-47.596048	-48.30641	-47.639409	-48.18634	-44.173127	-50.356975	-47.645702	-47.743633	-45.867891	-48.648477	-47.788418	-45.726737	-49.730717	-45.989431
832	-38.77704	-45.5741	-46.956699	-46.728456	-47.515067	-46.052728	-53.328139	-40.667618	-47.587596	-46.982284	-47.131706	-47.094133	-46.231041	-42.624616	-47.609553	-47.104008	-46.771036	-47.167396	-43.779247	-48.920358	-46.612198	-46.869609	-43.870977	-48.549628	-46.467921	-45.077053	-49.684278	-44.483454
836	-37.817764	-45.11233	-45.727426	-45.925905	-45.956313	-45.342779	-48.360152	-40.369739	-46.312665	-45.579245	-45.990579	-45.936332	-44.968972	-41.082398	-47.176675	-45.806524	-45.831603	-45.903535	-43.674243	-46.777559	-45.579153	-45.919107	-42.576202	-47.614789	-45.252795	-44.824143	-48.908737	-43.483757
840	-37.466878	-44.713995	-44.729199	-44.61758	-44.710504	-44.776878	-44.463473	-40.612865	-45.12758	-44.455343	-45.083208	-44.915046	-44.170969	-40.217975	-46.429612	-44.685286	-44.951379	-44.805586	-43.919115	-44.942055	-44.708437	-45.038377	-41.869469	-46.216297	-44.234587	-44.752533	-47.54373	-43.038156
844	-37.788183	-44.612665	-43.963671	-44.055584	-43.925086	-44.496086	-42.085081	-41.495478	-44.063714	-43.756602	-44.262193	-44.194762	-43.69473	-40.01697	-45.397807	-43.9639	-44.2655	-43.959766	-44.405689	-43.530563	-44.06059	-44.316027	-41.604662	-44.841001	-43.599877	-45.049769	-46.103484	-43.029796
848	-38.59992	-44.720471	-43.626197	-43.811677	-43.487983	-44.405	-40.63202	-42.931728	-43.622752	-43.560879	-43.915808	-43.843692	-43.699231	-40.244111	-44.578766	-43.537821	-43.912087	-43.549304	-45.057624	-42.817445	-43.741766	-43.928394	-41.887108	-43.860642	-43.42386	-45.436437	-44.997726	-43.458126
852	-40.015959	-44.84192	-43.524592	-43.709015	-43.417337	-44.450382	-39.988215	-44.92878	-43.473973	-43.733865	-43.823987	-43.764549	-44.007032	-41.029712	-44.025635	-43.520963	-43.752836	-43.547329	-45.512733	-42.544095	-43.736943	-43.740617	-42.505281	-43.345589	-43.569056	-45.94607	-44.313638	-44.165043
856	-41.848477	-45.027583	-43.763354	-43.914338	-43.751641	-44.659701	-39.925424	-47.238961	-43.660647	-44.177767	-44.013417	-43.960455	-44.518685	-42.075527	-43.86868	-43.867118	-43.992333	-43.774149	-45.974962	-42.763519	-43.945159	-43.868175	-43.365662	-43.282293	-43.942311	-46.185705	-44.101793	-45.013757
860	-44.057237	-45.157391	-44.144052	-44.277029	-44.213227	-44.805586	-40.068323	-49.579596	-44.007905	-44.707656	-44.371514	-44.291039	-45.028915	-43.411228	-43.945711	-44.302568	-44.297102	-44.134957	-46.356348	-43.200255	-44.308677	-44.212309	-44.420434	-43.397815	-44.473533	-46.397596	-44.07437	-45.844051
864	-46.691893	-45.107094	-44.536416	-44.573117	-44.579134	-44.954916	-40.33901	-51.225578	-44.36513	-45.125835	-44.648356	-44.545465	-45.363495	-44.718267	-44.099083	-44.772973	-44.580099	-44.550242	-46.457769	-43.745486	-44.740361	-44.52135	-45.270342	-43.600658	-44.908661	-46.402971	-44.159899	-46.394427
868	-49.794381	-45.079718	-44.897086	-44.876462	-44.932179	-44.966445	-40.705376	-51.31795	-44.669807	-45.475527	-44.8636	-44.82125	-45.67814	-46.138348	-44.204316	-45.081922	-44.861487	-44.87761	-46.472698	-44.342255	-44.954824	-44.857629	-46.123098	-43.851822	-45.248523	-46.360344	-44.331736	-46.723633
872	-54.356821	-45.139753	-45.19717	-45.158494	-45.293676	-45.083346	-41.019882	-50.336305	-45.076273	-45.731652	-45.123217	-45.093084	-45.90303	-47.609323	-44.331185	-45.392157	-45.104384	-45.212695	-46.363192	-44.957167	-45.252979	-45.100479	-46.814719	-44.246621	-45.50497	-46.297829	-44.587035	-46.908837
876	-62.934264	-45.047151	-45.614568	-45.397853	-45.717918	-45.216324	-41.504343	-48.872679	-45.505705	-46.051304	-45.419442	-45.534643	-46.045057	-49.294992	-44.617305	-45.654024	-45.377459	-45.514157	-46.173165	-45.707307	-45.603957	-45.410163	-47.46748	-44.691258	-45.753471	-46.382898	-45.031212	-47.174378
880	-57.711944	-45.105854	-46.122638	-45.780755	-46.304351	-45.402998	-42.111401	-47.294954	-46.214	-46.411606	-45.930131	-46.049558	-46.349412	-51.171239	-45.068556	-46.108031	-45.784843	-46.0135	-46.09076	-46.676964	-46.047767	-45.789482	-48.178623	-45.453754	-46.116943	-46.536959	-45.72885	-47.528893
884	-51.159296	-45.439285	-46.818853	-46.403614	-47.121325	-45.867799	-43.174946	-46.009826	-47.136024	-47.011177	-46.678526	-46.9228	-46.738607	-53.005686	-46.025581	-46.770071	-46.504943	-46.866899	-46.293052	-48.005086	-46.660244	-46.577426	-49.033079	-46.691755	-46.791614	-47.082787	-46.995513	-48.098056
888	-47.437761	-46.060536	-47.878539	-47.29059	-48.065121	-46.614586	-44.817437	-44.928642	-48.522757	-47.833616	-47.699445	-48.050239	-47.262846	-53.442514	-47.516537	-47.723238	-47.575746	-47.943076	-46.703881	-49.805175	-47.716486	-47.72085	-49.62066	-48.403376	-47.54814	-47.734492	-48.826332	-48.700474
892	-44.932868	-47.027575	-48.988982	-48.521747	-48.974697	-47.616489	-47.341117	-44.148369	-49.937372	-48.693354	-48.888618	-49.288882	-47.869812	-51.437102	-49.490117	-48.737175	-48.838504	-49.26734	-47.23299	-51.24487	-48.76129	-48.947045	-49.704443	-50.562206	-48.37995	-48.373289	-51.04878	-48.985813
896	-43.207467	-48.277518	-49.899477	-49.50872	-49.583087	-48.795556	-51.138212	-43.610901	-50.960955	-49.377167	-49.822998	-50.252935	-48.350598	-48.969047	-51.91922	-49.471101	-50.028964	-50.20521	-47.799947	-51.25571	-49.706602	-50.095981	-49.30551	-52.557053	-49.181536	-48.777137	-52.751674	-48.776632
900	-41.847283	-49.758369	-50.195932	-50.074346	-49.555664	-50.095062	-57.037456	-43.310496	-50.752508	-49.674678	-50.110174	-50.315451	-48.685224	-46.799193	-53.616051	-49.774584	-50.758801	-50.416229	-48.259191	-49.843805	-50.218899	-50.590271	-48.31872	-52.434824	-49.541976	-48.748061	-52.330417	-48.160066
904	-40.998248	-51.167472	-49.658693	-49.742201	-48.924032	-50.988974	-54.51497	-43.262817	-49.482676	-49.236472	-49.440004	-49.509593	-48.708926	-45.211317	-52.23414	-49.373308	-50.326383	-49.707796	-48.45868	-48.016478	-49.832368	-50.178431	-47.22587	-50.250777	-49.328982	-48.295157	-49.75938	-47.255681
908	-40.621409	-51.539763	-48.670112	-48.723579	-47.959658	-50.653062	-48.690828	-43.764135	-47.795216	-48.243573	-48.256297	-48.165394	-48.438791	-44.090401	-49.35985	-48.595791	-49.216859	-48.474297	-48.370993	-46.465624	-48.868866	-48.978602	-46.144043	-47.816621	-48.601809	-47.548645	-47.164732	-46.318269
912	-40.833071	-50.421052	-47.65149	-47.516399	-47.133957	-49.435273	-45.289726	-44.887853	-46.479128	-47.388842	-47.193257	-47.027942	-48.07711	-43.580769	-47.016091	-47.720207	-47.854516	-47.294311	-47.956259	-45.542039	-47.808399	-47.583968	-45.454305	-45.939455	-47.642074	-46.678802	-45.358167	-45.549158
916	-41.695886	-48.904235	-47.005159	-46.592171	-46.716421	-48.164338	-43.359415	-46.769658	-45.721593	-46.671636	-46.470677	-46.338893	-47.637618	-43.694362	-45.527294	-47.070798	-46.924959	-46.659739	-47.576802	-45.162995	-47.05463	-46.643157	-45.311039	-45.037872	-46.942782	-46.058561	-44.358148	-45.224913
920	-43.095113	-47.428391	-46.583627	-46.03711	-46.503887	-47.084211	-42.290358	-49.433252	-45.437815	-46.216435	-46.132836	-45.999674	-47.479101	-44.14396	-44.745	-46.687621	-46.306235	-46.262093	-47.205292	-45.278518	-46.498512	-46.121674	-45.437034	-44.654327	-46.45607	-45.739599	-43.99022	-45.136905
924	-44.868653	-46.54835	-46.520928	-45.886218	-46.578069	-46.310277	-41.78463	-52.661552	-45.614522	-46.101968	-46.194341	-45.989477	-47.256416	-44.976551	-44.567145	-46.566173	-46.099029	-46.234624	-47.02119	-45.848783	-46.308348	-46.011525	-45.75687	-44.755519	-46.294981	-45.658296	-44.003679	-45.261798
928	-47.42637	-46.033803	-46.698829	-46.059204	-46.854268	-46.062236	-41.658037	-55.851406	-46.029944	-46.230261	-46.377432	-46.223417	-47.213054	-46.145881	-44.71349	-46.619777	-46.210463	-46.447894	-47.012187	-46.709118	-46.401547	-46.131136	-46.360252	-45.244803	-46.34367	-45.771155	-44.445421	-45.534
932	-51.401136	-46.031047	-47.024084	-46.577105	-47.388107	-46.165265	-41.998129	-55.467723	-46.800617	-46.69373	-46.845448	-46.793176	-47.338774	-47.602111	-45.270388	-47.017194	-46.562498	-46.872917	-47.247229	-47.738672	-46.743935	-46.624232	-47.222471	-46.15718	-46.824319	-46.084146	-45.153395	-45.936608
936	-58.339579	-46.137934	-47.622276	-47.294219	-48.016616	-46.432736	-42.619012	-52.78571	-47.683506	-47.265281	-47.496464	-47.500828	-47.567615	-49.277078	-46.146156	-47.451771	-47.06965	-47.415851	-47.750063	-48.802906	-47.243371	-47.147921	-48.220331	-47.31149	-47.477402	-46.561809	-46.23343	-46.555746
940	-74.179941	-46.649955	-48.246926	-48.115832	-48.669193	-46.978977	-43.405394	-50.626926	-48.640255	-48.020979	-48.383808	-48.251106	-47.920569	-50.976802	-47.257472	-47.983314	-47.656359	-48.086389	-48.353538	-49.815373	-47.796686	-47.913816	-49.27129	-48.711452	-48.134297	-47.206578	-47.432571	-47.303452
944	-58.147945	-47.276718	-48.861655	-48.826883	-49.179974	-47.634678	-44.407664	-49.200782	-49.484376	-48.737726	-49.052141	-48.973273	-48.176556	-52.188161	-48.487067	-48.56102	-48.333833	-48.632814	-48.991738	-50.579385	-48.489685	-48.655781	-50.141776	-50.071268	-48.834646	-47.957086	-48.685224	-47.976056
948	-53.239763	-47.920752	-49.328431	-49.496043	-49.708072	-48.243252	-45.407224	-48.163189	-50.219404	-49.340696	-49.728926	-49.626724	-48.429788	-52.989471	-49.77022	-49.064727	-49.013878	-49.20905	-49.481482	-50.881031	-49.066472	-49.338583	-50.890722	-51.281525	-49.454197	-48.707272	-49.808207	-48.710533
952	-50.330701	-48.668872	-49.654146	-49.983076	-49.889785	-48.912365	-46.536637	-47.266108	-50.642452	-49.750744	-50.190006	-50.092995	-48.655551	-53.213581	-50.907259	-49.553827	-49.630674	-49.652906	-49.876786	-50.919752	-49.57661	-49.903381	-51.510412	-52.270428	-49.872284	-49.42209	-50.769136	-49.388007
956	-48.090706	-49.418783	-49.809263	-50.375394	-50.096348	-49.529666	-47.629855	-46.402787	-50.730185	-50.028596	-50.479893	-50.340623	-48.736945	-52.652181	-51.883116	-49.828877	-50.083395	-49.89029	-50.025519	-50.425278	-49.953862	-50.239431	-51.783119	-52.656821	-50.234838	-49.985878	-51.216896	-49.959696
960	-46.217767	-50.38233	-50.058958	-50.621598	-50.096899	-50.203603	-49.054024	-45.676991	-50.652465	-50.338004	-50.670012	-50.592889	-48.965924	-51.594746	-52.712584	-50.131074	-50.524954	-50.223033	-50.175491	-49.797413	-50.236124	-50.569785	-51.981368	-52.381541	-50.386464	-50.330058	-51.056221	-50.253441
964	-44.75483	-51.715092	-50.237042	-50.724719	-50.235848	-51.198247	-51.244457	-45.129647	-50.412738	-50.619163	-50.880985	-50.82761	-49.501233	-50.353162	-52.847077	-50.458626	-50.8938	-50.44627	-50.181049	-49.127288	-50.421925	-50.828483	-52.023949	-51.674992	-50.596472	-50.386602	-50.556786	-50.499507
968	-43.631479	-53.388129	-50.629085	-51.00303	-50.542041	-52.733989	-54.769166	-44.883122	-50.223768	-51.058747	-51.239174	-51.121401	-50.439747	-49.210612	-52.449706	-50.90363	-51.330628	-50.808547	-50.313246	-48.754859	-51.028064	-51.204265	-51.979163	-50.594497	-50.965181	-50.242646	-49.672106	-50.592568
972	-42.912895	-55.065713	-51.114603	-51.203484	-50.988193	-54.354937	-59.183608	-45.12804	-50.07949	-51.809806	-51.569069	-51.502052	-51.961433	-48.353538	-51.481841	-51.491763	-51.619825	-51.358096	-50.614846	-48.810117	-51.528647	-51.610133	-51.841317	-49.699528	-51.328147	-49.985097	-48.946953	-50.47066
976	-42.785476	-55.010593	-51.683397	-51.418866	-51.739207	-54.931954	-55.817231	-46.080931	-50.392803	-52.469963	-51.99795	-51.88229	-54.149477	-47.902609	-50.496153	-52.265972	-51.779858	-51.972273	-51.001193	-49.401787	-52.192708	-51.959825	-51.39149	-49.073868	-51.725473	-49.485524	-48.412609	-50.203878
980	-43.207329	-53.127639	-51.935986	-51.706869	-52.230741	-53.732997	-51.204862	-47.724892	-50.752417	-52.680293	-52.100658	-51.951649	-55.658164	-47.71644	-49.756532	-52.474005	-51.757902	-52.191376	-51.183135	-50.359639	-52.391647	-52.022433	-50.79123	-48.844613	-51.692217	-49.194994	-48.172192	-49.796448
984	-44.158153	-51.180104	-51.896437	-51.643527	-52.209979	-51.943611	-48.387713	-50.290647	-51.234719	-52.24397	-51.760015	-51.807739	-55.248436	-48.009358	-49.366786	-52.334092	-51.644446	-52.225459	-51.317904	-51.765021	-52.376948	-51.792122	-50.205899	-48.931244	-51.450055	-48.825597	-48.311279	-49.230501
988	-45.616221	-49.864154	-51.691574	-51.573938	-51.857256	-50.513379	-46.675265	-54.272395	-51.794694	-51.713989	-51.653219	-51.652209	-53.64306	-48.410312	-49.367429	-51.983849	-51.44142	-51.906267	-51.285843	-53.193554	-52.079299	-51.557907	-49.70233	-49.505275	-51.112811	-48.737864	-48.974835	-48.929774
992	-47.769355	-49.163943	-51.667734	-51.723314	-51.820371	-49.888453	-45.843454	-61.53862	-52.474419	-51.580277	-51.748256	-51.812517	-52.373043	-49.410836	-49.975818	-51.873746	-51.610133	-51.916878	-51.450009	-54.410609	-51.938283	-51.628507	-49.50872	-50.532211	-51.041155	-49.093711	-49.9924	-48.897299
996	-50.755816	-49.198072	-51.888353	-52.236391	-52.007091	-49.960844	-45.723798	-75.90401	-53.428963	-51.823678	-52.18049	-52.435743	-51.705262	-50.769871	-51.026961	-51.921792	-52.093308	-52.074843	-51.933643	-54.960663	-52.188896	-51.907783	-49.862638	-52.091471	-51.415835	-49.796126	-51.344132	-49.21493
1000	-54.53293	-49.906688	-52.512544	-53.186021	-52.466059	-50.462438	-45.960952	-61.410557	-54.436286	-52.358437	-52.634727	-52.993192	-51.574765	-52.613965	-52.726134	-52.519939	-53.004032	-52.759712	-52.932606	-55.419998	-52.794943	-52.70574	-50.626145	-54.0724	-51.998961	-51.039777	-53.064802	-50.116972
1004	-59.414056	-50.977123	-53.377196	-54.374597	-53.200674	-51.379915	-46.814903	-57.372633	-55.33323	-53.305264	-53.53801	-53.8431	-51.9731	-54.982895	-54.917394	-53.424278	-53.987469	-53.730379	-54.201795	-55.572681	-53.619266	-53.763038	-51.667321	-56.052641	-52.910236	-52.673678	-54.959469	-51.343214
1008	-61.669668	-52.232579	-54.411803	-55.52491	-54.053705	-52.334735	-47.590766	-54.947893	-56.118188	-54.284889	-54.471379	-54.586121	-52.334505	-57.673957	-57.294178	-54.328526	-55.220922	-54.727275	-55.913095	-55.470893	-54.463478	-54.821301	-52.960441	-58.02103	-53.969417	-54.351952	-55.88751	-52.601746
1012	-58.711228	-53.611733	-54.938523	-56.225764	-54.50785	-53.367045	-48.415273	-53.35253	-55.995545	-54.864983	-54.890844	-55.018264	-52.743957	-60.091163	-58.952011	-54.930439	-55.767761	-55.295932	-57.120457	-54.814778	-55.090701	-55.522568	-54.107631	-58.476186	-54.735083	-55.575391	-55.591009	-53.538377
1016	-55.442368	-54.981241	-55.41297	-56.124343	-54.661176	-54.256869	-49.203446	-51.959136	-55.322665	-54.927407	-54.921573	-54.971274	-52.791314	-61.286675	-59.250579	-55.165113	-55.891368	-55.52684	-57.804362	-54.098123	-55.273654	-55.76698	-55.015278	-57.609787	-55.091344	-56.202614	-54.607893	-54.158893
1020	-52.532111	-56.307618	-55.227675	-55.597348	-54.490993	-55.100439	-49.788456	-50.564686	-54.202071	-54.497653	-54.501098	-54.653505	-52.749928	-59.981244	-57.673405	-54.946194	-55.366532	-55.180317	-57.265699	-53.115375	-54.966359	-55.356013	-55.607729	-55.803038	-54.873711	-56.084059	-53.287442	-54.462881
1024	-50.235205	-57.171536	-54.584284	-54.697464	-53.915767	-55.688434	-50.403965	-49.282084	-52.898615	-53.926791	-53.766391	-53.798177	-52.56229	-57.504094	-55.742773	-54.468944	-54.537385	-54.583824	-56.263935	-52.201803	-54.416948	-54.475972	-55.804324	-53.824451	-54.383967	-55.399466	-51.950455	-54.462881
1028	-48.421887	-57.230376	-53.943327	-53.717472	-53.394605	-56.27133	-51.501455	-48.311325	-51.901306	-53.313854	-53.009085	-53.07601	-52.64621	-55.124324	-53.803459	-53.815724	-53.695562	-53.876034	-54.915372	-51.436367	-53.750957	-53.659688	-55.935786	-52.289123	-53.647929	-54.267664	-50.942857	-54.418142
1032	-47.115629	-56.257826	-53.326394	-53.074724	-53.058969	-56.33775	-53.197137	-47.732287	-51.218137	-52.679512	-52.339742	-52.399226	-53.000955	-53.317207	-52.225367	-53.312476	-52.92296	-53.180279	-53.608426	-51.061044	-53.192038	-52.835456	-55.767164	-51.059804	-53.028791	-53.05093	-50.296021	-54.339825
1036	-46.162509	-54.824194	-52.724848	-52.463303	-52.791728	-55.630833	-56.157415	-47.48567	-50.791368	-52.333816	-51.940625	-51.894692	-53.455375	-51.882841	-50.903033	-52.769404	-52.218569	-52.740971	-52.380944	-51.101466	-52.558339	-52.229363	-55.562851	-50.233138	-52.631328	-51.926156	-49.864521	-53.808374
1040	-45.501066	-53.233149	-52.169971	-51.978474	-52.529998	-54.337529	-61.590387	-47.562333	-50.659355	-51.847013	-51.515924	-51.453868	-53.872452	-50.732206	-50.06447	-52.371482	-51.619779	-52.146821	-51.219652	-51.330031	-52.075762	-51.765986	-54.663427	-49.618731	-52.170385	-50.881122	-49.927772	-53.14491
1044	-45.039204	-51.440363	-51.53958	-51.447942	-52.030471	-52.509512	-76.940776	-47.797283	-50.525	-51.285705	-51.030085	-50.965227	-53.818847	-49.726078	-49.355073	-51.773611	-51.154657	-51.54353	-50.063506	-51.645594	-51.358326	-51.177026	-53.250144	-49.289709	-51.60724	-49.900717	-50.072692	-52.15022
1048	-44.806046	-49.854921	-50.723433	-50.726051	-51.257226	-50.762981	-60.133421	-48.286567	-50.363681	-50.428953	-50.440574	-50.326153	-53.033981	-48.73644	-48.693216	-50.859258	-50.451093	-50.66427	-48.798542	-51.918623	-50.479893	-50.478974	-51.648166	-49.055402	-50.80276	-48.966888	-50.36708	-50.94938
1052	-44.709447	-48.558493	-49.936086	-49.925613	-50.379207	-49.140288	-53.880766	-49.056872	-50.161114	-49.47055	-49.706235	-49.658188	-51.48005	-47.809272	-48.201636	-49.822906	-49.707567	-49.726675	-47.674732	-51.558458	-49.433527	-49.515656	-49.852211	-48.970655	-49.812984	-48.128647	-50.638915	-49.704076
1056	-45.18734	-47.627742	-49.24396	-49.281671	-49.559844	-48.027272	-50.491514	-50.242876	-49.973522	-48.707364	-48.987145	-49.054851	-49.885972	-47.220082	-47.993741	-48.856143	-49.00855	-48.801252	-46.900752	-50.794859	-48.55684	-48.718526	-48.419315	-48.960044	-49.057148	-47.812671	-51.227921	-48.929544
1060	-46.203114	-47.27805	-48.895554	-48.984022	-49.054484	-47.407813	-48.545173	-51.485837	-49.924005	-48.340814	-48.767996	-48.806213	-48.779066	-47.104284	-48.136686	-48.285051	-48.645951	-48.283673	-46.602506	-50.002598	-48.093279	-48.317388	-47.552228	-49.356772	-48.460793	-48.023643	-52.017931	-48.647053
1064	-47.537024	-47.444192	-48.884622	-48.908369	-48.750863	-47.257151	-47.525494	-52.555583	-49.860663	-48.339207	-48.710763	-48.776816	-48.273981	-47.18035	-48.577602	-48.167278	-48.592668	-48.130531	-46.73213	-49.447813	-48.073114	-48.251336	-47.150034	-49.864154	-48.259328	-48.66019	-53.026218	-48.975248
1068	-49.096788	-47.819607	-48.945851	-49.004278	-48.778331	-47.433214	-46.941771	-53.084324	-49.96383	-48.475216	-48.840709	-48.934597	-48.086802	-47.639639	-49.052554	-48.216656	-48.637775	-48.246513	-47.092387	-49.026189	-48.213211	-48.272557	-47.174838	-50.229693	-48.332868	-49.574543	-54.129312	-49.529345
1072	-50.791368	-48.366262	-49.222922	-49.234911	-48.950261	-47.74671	-46.654135	-53.337739	-50.058131	-48.809704	-49.121133	-49.203308	-48.04367	-48.038296	-49.593238	-48.418258	-48.759453	-48.44219	-47.611987	-48.888939	-48.475124	-48.595791	-47.224538	-50.472176	-48.575719	-50.685951	-55.355691	-50.185505
1076	-53.066089	-49.223243	-49.621809	-49.602563	-49.294808	-48.41022	-46.621936	-53.525837	-50.31173	-49.301514	-49.697967	-49.717718	-48.35386	-48.665381	-50.283849	-48.93423	-49.206983	-48.908645	-48.293779	-48.948331	-48.931795	-49.073684	-47.573679	-50.90046	-49.020447	-52.142503	-56.534254	-51.151579
1080	-56.346569	-50.554213	-50.473554	-50.35725	-50.091571	-49.343911	-47.017378	-53.892846	-50.885394	-50.224227	-50.555591	-50.644014	-49.095778	-49.723781	-51.334165	-49.687494	-50.025059	-49.7648	-49.42186	-49.425627	-49.764524	-49.991482	-48.172284	-51.554829	-49.931447	-54.188337	-57.790444	-52.481217
1084	-60.937718	-52.438637	-51.708477	-51.501133	-51.365629	-50.870236	-47.777807	-54.242354	-51.877834	-51.613349	-51.956656	-51.865754	-50.202914	-51.203576	-52.607718	-51.037572	-51.2355	-51.102522	-51.195905	-50.282011	-51.076294	-51.281295	-49.343681	-52.445159	-51.210741	-56.952708	-58.650641	-54.293478
1088	-64.318012	-54.92828	-53.387899	-53.035221	-53.148493	-53.112665	-48.920128	-54.363205	-52.910098	-53.449725	-53.668231	-53.529558	-51.90397	-53.261949	-54.054165	-52.918458	-52.773584	-52.948223	-53.612238	-51.676416	-52.894251	-53.018272	-50.992511	-53.591522	-53.073668	-61.385845	-59.149158	-56.798647
1092	-60.366213	-57.741479	-55.117342	-54.591265	-55.030849	-56.011255	-50.310812	-54.273222	-54.134181	-55.372411	-55.444619	-55.371079	-53.861474	-55.647783	-55.190882	-54.905267	-54.49136	-54.85102	-57.019312	-53.182576	-54.83306	-54.908115	-53.130441	-54.500547	-55.043114	-70.153591	-58.868045	-60.295475
1096	-56.476148	-59.431373	-56.474035	-55.870101	-56.545232	-58.908236	-51.803146	-53.84163	-55.016748	-57.04995	-56.821338	-56.571414	-55.976161	-57.761919	-55.616456	-56.658274	-55.911854	-56.497231	-60.949431	-54.760668	-56.603292	-56.473024	-55.445399	-55.110957	-56.977788	-74.096617	-58.2744	-64.737569
1100	-53.637134	-58.343851	-56.913435	-56.466502	-57.428671	-60.53093	-53.481649	-53.277383	-55.52119	-57.63156	-57.407312	-57.160925	-58.172657	-58.955272	-55.286929	-57.574924	-56.613443	-57.182284	-63.058698	-56.386853	-57.71695	-57.268455	-58.338982	-55.175632	-57.839685	-63.744348	-57.630963	-70.912275
1104	-51.195583	-55.718888	-56.099539	-55.771895	-56.752208	-58.18685	-55.377142	-52.441209	-55.454173	-56.755653	-56.533794	-56.481476	-59.474643	-58.104078	-54.418831	-57.052246	-56.379733	-56.719136	-59.07989	-57.418704	-57.163681	-56.776232	-61.863921	-54.805959	-57.386321	-58.448671	-56.896532	-66.651665
1108	-49.17832	-52.964851	-54.42122	-54.262152	-54.776607	-54.532884	-57.544378	-51.526902	-54.693238	-54.593011	-54.671695	-54.679596	-57.62715	-55.714937	-53.155843	-55.237734	-55.052117	-55.016886	-54.657042	-57.211314	-55.386513	-55.16617	-61.477528	-53.951411	-55.419401	-54.718777	-56.038585	-60.111833
1112	-47.367391	-50.462852	-52.055183	-52.080768	-52.315581	-51.282168	-58.210047	-50.419812	-53.083176	-52.12142	-52.222611	-52.290914	-53.958761	-52.805186	-51.664657	-52.697334	-52.923786	-52.728156	-51.006567	-54.820612	-52.900544	-52.780795	-55.958799	-52.684151	-52.663022	-51.676278	-54.788137	-55.377418
1116	-45.863711	-48.174765	-49.7134	-49.795575	-49.737929	-48.512927	-54.953635	-49.416072	-50.882133	-49.547075	-49.780417	-49.897364	-50.340255	-49.973476	-50.056983	-50.05928	-50.398912	-50.181004	-48.030901	-51.505818	-50.115181	-50.254957	-51.279504	-50.780115	-49.996489	-49.135327	-53.325475	-51.747658
1120	-44.806826	-46.54293	-47.678453	-47.719104	-47.597151	-46.432598	-51.001698	-48.28721	-48.6245	-47.544465	-47.628064	-47.738718	-47.42049	-47.562563	-48.529831	-47.87808	-48.222352	-47.966824	-45.743319	-48.464192	-47.837291	-48.007796	-47.816162	-48.833727	-47.565456	-47.128353	-51.753814	-48.893808
1124	-44.415886	-45.374749	-46.107021	-46.145605	-45.971241	-45.010542	-47.862049	-47.245943	-46.776548	-45.989845	-45.972574	-46.09122	-45.432211	-45.806432	-47.261193	-46.192825	-46.502095	-46.332509	-44.175194	-46.311517	-46.108812	-46.342522	-45.363173	-47.191879	-45.76229	-45.905648	-50.323306	-46.988991
1128	-44.440598	-44.750604	-45.130933	-45.112284	-44.926208	-44.192374	-45.786313	-46.393692	-45.543784	-45.104705	-44.975265	-45.009715	-44.209369	-44.686848	-46.328099	-45.095105	-45.319904	-45.272317	-43.419175	-44.809858	-45.040444	-45.178842	-43.808599	-45.797107	-44.762914	-45.25105	-49.220396	-45.822876
1132	-44.825613	-44.459753	-44.471144	-44.474543	-44.298021	-43.878142	-44.393057	-45.815021	-44.567007	-44.456445	-44.372341	-44.383411	-43.427029	-43.988429	-45.665967	-44.420939	-44.678075	-44.617948	-43.059836	-43.883838	-44.411798	-44.518502	-42.886575	-44.83457	-44.111531	-45.165797	-48.401217	-45.180266
1136	-45.433314	-44.427415	-44.130088	-44.066883	-43.932665	-43.794957	-43.597029	-45.318526	-44.012636	-44.137391	-44.04162	-44.054206	-43.135535	-43.619628	-45.117016	-44.121682	-44.294622	-44.248045	-43.080185	-43.410998	-44.085578	-44.075702	-42.307996	-44.250893	-43.773552	-45.458531	-47.775648	-44.904711
1140	-46.287815	-44.727499	-44.172347	-43.994446	-43.996467	-44.125219	-43.243249	-45.055419	-43.837675	-44.214973	-44.022465	-44.054986	-43.206686	-43.540347	-44.762225	-44.106065	-44.172622	-44.170877	-43.46961	-43.33902	-44.040471	-44.028345	-42.252004	-43.898721	-43.747691	-46.116575	-47.534451	-45.092211
1144	-47.013473	-45.248707	-44.546705	-44.276799	-44.451301	-44.816059	-43.405027	-45.089272	-44.029723	-44.523371	-44.450061	-44.404357	-43.817372	-43.90359	-44.816197	-44.45741	-44.426497	-44.47514	-44.285297	-43.72252	-44.417586	-44.303395	-42.631047	-44.094214	-44.242349	-47.322606	-47.810696	-45.7328
1148	-47.870823	-46.057367	-45.372636	-44.991387	-45.259272	-45.859255	-44.034362	-45.574468	-44.675548	-45.350771	-45.174341	-45.250085	-44.772698	-44.663238	-45.238234	-45.249304	-45.143887	-45.166853	-45.503408	-44.568845	-45.226567	-45.018029	-43.516048	-44.699709	-45.060012	-49.031793	-48.543244	-46.943792
1152	-48.726059	-47.007226	-46.377294	-46.023743	-46.338756	-47.101757	-44.914219	-46.322495	-45.663119	-46.350147	-46.221028	-46.307107	-46.082355	-45.759212	-46.032517	-46.301871	-46.154792	-46.167929	-47.060968	-45.729218	-46.283819	-46.027326	-44.739809	-45.643046	-46.120296	-51.132563	-49.588094	-48.460885
1156	-49.367291	-47.935267	-47.473911	-47.053435	-47.460085	-48.282065	-45.912079	-47.130374	-46.760379	-47.371617	-47.378737	-47.372352	-47.485946	-46.906999	-46.849858	-47.333354	-47.232806	-47.269599	-48.616921	-47.009201	-47.334273	-47.112736	-46.062236	-46.639115	-47.183519	-53.397177	-50.690406	-50.17269
1160	-49.652768	-48.563776	-48.422438	-47.988229	-48.44784	-49.19279	-46.923168	-47.797696	-47.869215	-48.276645	-48.285786	-48.400574	-48.724681	-47.960209	-47.589893	-48.180323	-48.135032	-48.199477	-49.922306	-48.124054	-48.288358	-48.102006	-47.329726	-47.579834	-48.2139	-55.70203	-51.768053	-51.997996
1164	-49.534213	-48.958391	-49.063349	-48.671122	-49.175656	-49.73949	-47.65691	-48.229104	-48.687153	-48.931657	-48.952511	-49.014889	-49.778121	-48.810393	-48.140039	-48.815859	-48.773738	-48.888618	-50.978318	-49.073133	-48.965097	-48.759131	-48.520644	-48.351333	-48.926467	-57.846161	-52.775008	-53.948931
1168	-49.012271	-48.938547	-49.508629	-49.125313	-49.577667	-49.770587	-48.345592	-48.368558	-49.265135	-49.207029	-49.292971	-49.364305	-50.489631	-49.422962	-48.363597	-49.133949	-49.125084	-49.177126	-51.329663	-49.70132	-49.244603	-49.221314	-49.787078	-48.964087	-49.359712	-58.459374	-53.53778	-56.157691
1172	-48.205632	-48.708191	-49.556445	-49.280477	-49.570409	-49.405324	-48.963443	-48.376505	-49.672014	-49.183603	-49.340512	-49.440004	-50.621322	-49.897594	-48.601671	-49.186772	-49.297702	-49.309828	-50.858569	-50.109852	-49.359023	-49.441428	-51.199534	-49.511982	-49.710828	-56.306607	-54.08765	-58.758769
1176	-47.163125	-48.261717	-49.241847	-49.080344	-49.248048	-48.612695	-49.63219	-48.278345	-49.785194	-48.915029	-49.091231	-49.222554	-50.144257	-50.114078	-48.818845	-49.01714	-49.138634	-49.163254	-49.502427	-50.001266	-49.180479	-49.421401	-52.801465	-49.976507	-49.541517	-52.833206	-54.205056	-58.066413
1180	-46.198796	-47.690671	-48.448023	-48.402871	-48.415962	-47.429447	-50.003195	-48.054327	-49.276021	-48.264886	-48.500479	-48.473608	-48.683708	-49.616251	-48.716413	-48.39497	-48.612465	-48.562214	-47.593292	-49.063165	-48.503006	-48.804238	-52.461006	-49.689698	-48.74503	-49.776743	-53.069488	-53.732125
1184	-45.383246	-46.9533	-47.248928	-47.281587	-47.097072	-46.23095	-49.325721	-47.412084	-47.882214	-47.16193	-47.32674	-47.268083	-46.865154	-48.199936	-48.065719	-47.257702	-47.46477	-47.372306	-45.640566	-47.552549	-47.386224	-47.632611	-49.52172	-48.389366	-47.456916	-47.349247	-50.857237	-49.778672
1188	-44.630901	-46.024249	-45.727794	-45.802757	-45.627796	-45.099561	-47.605327	-46.441555	-46.018645	-45.820304	-45.842995	-45.775335	-45.037183	-46.241514	-46.71146	-45.938675	-45.938031	-45.893338	-43.975154	-45.646905	-45.854432	-45.98617	-46.276286	-46.378856	-45.862655	-45.494957	-48.509115	-46.722576
1192	-43.960639	-44.97848	-44.313454	-44.383733	-44.248275	-43.951498	-45.604508	-45.123125	-44.343587	-44.468526	-44.379874	-44.268164	-43.547972	-44.408077	-45.065248	-44.457502	-44.368758	-44.333022	-42.617451	-43.958802	-44.21828	-44.274503	-43.726332	-44.307805	-44.245013	-44.015989	-46.365765	-44.390393
1196	-43.294052	-43.786689	-42.994749	-43.041968	-42.963192	-42.983403	-43.665286	-43.702263	-42.802149	-43.104943	-42.958277	-42.891215	-42.228348	-42.724751	-43.34784	-42.999388	-42.896818	-42.868569	-41.525748	-42.428342	-42.729161	-42.681206	-41.823398	-42.568853	-42.713957	-42.836783	-44.516848	-42.671377
1200	-42.615016	-42.610698	-41.87002	-41.961244	-41.930331	-42.064089	-42.170104	-42.469912	-41.637275	-41.952103	-41.898453	-41.804703	-41.306967	-41.395205	-41.881779	-41.796802	-41.678523	-41.673792	-40.781028	-41.242982	-41.532593	-41.495295	-40.373644	-41.277616	-41.601079	-42.146356	-43.172098	-41.456986
1204	-42.249202	-41.896524	-41.333609	-41.355932	-41.313536	-41.600161	-41.236597	-41.65868	-41.030631	-41.26751	-41.241833	-41.221163	-40.912352	-40.643825	-41.046524	-41.161404	-40.99981	-40.991587	-40.540704	-40.731374	-40.918875	-40.853328	-39.714681	-40.575567	-40.921952	-42.057613	-42.522552	-40.983733
1208	-42.122149	-41.505676	-41.201274	-41.171463	-41.157545	-41.494192	-40.892647	-41.33122	-40.898342	-41.011798	-41.106881	-41.067975	-40.905508	-40.423206	-40.709418	-40.951304	-40.86426	-40.863617	-40.827513	-40.669593	-40.807486	-40.721406	-39.591442	-40.412549	-40.771061	-42.448645	-42.462012	-41.13637
1212	-42.250809	-41.515551	-41.357632	-41.318588	-41.319277	-41.622439	-40.901787	-41.376878	-41.14744	-41.147991	-41.231636	-41.295162	-41.318956	-40.570607	-40.772117	-41.133798	-41.050199	-41.115286	-41.392312	-40.98681	-41.032514	-40.984468	-39.928502	-40.736978	-41.02002	-43.247934	-42.816894	-41.671082
1216	-42.443271	-41.65202	-41.677008	-41.640858	-41.583717	-41.954262	-41.142984	-41.619361	-41.550736	-41.553676	-41.639985	-41.668372	-41.849855	-40.982355	-41.159888	-41.502965	-41.511279	-41.493182	-42.113101	-41.447432	-41.491252	-41.433744	-40.413055	-41.159337	-41.398053	-44.239869	-43.353627	-42.387737
1220	-42.638948	-41.906491	-42.094957	-42.016732	-41.968088	-42.284065	-41.50958	-41.919445	-42.108048	-41.98908	-42.057659	-42.127248	-42.452963	-41.494651	-41.602274	-41.944662	-41.984395	-41.952333	-42.868018	-42.033681	-41.967124	-41.92436	-41.025716	-41.733184	-41.814257	-45.296845	-44.037302	-43.258315
1224	-42.910598	-42.260088	-42.620436	-42.583368	-42.459899	-42.686535	-41.947097	-42.347729	-42.663798	-42.491225	-42.577167	-42.628658	-43.109353	-42.158713	-42.141579	-42.489939	-42.589982	-42.513549	-43.679893	-42.690623	-42.552179	-42.571104	-41.852382	-42.376483	-42.384797	-46.451844	-44.801452	-44.372846
1228	-43.274805	-42.840045	-43.328134	-43.244351	-43.138429	-43.207053	-42.641015	-42.970725	-43.49253	-43.134524	-43.233327	-43.31146	-43.922376	-42.973941	-42.939491	-43.233879	-43.293087	-43.273106	-44.593236	-43.471539	-43.246189	-43.330982	-42.932968	-43.186843	-43.209212	-47.811844	-45.867432	-45.821682
1232	-43.811906	-43.607456	-44.159761	-44.158337	-44.058937	-43.960226	-43.61554	-43.901293	-44.44634	-44.044789	-44.173816	-44.307851	-44.811833	-44.180844	-44.014014	-44.162241	-44.252133	-44.255992	-45.536756	-44.539218	-44.278958	-44.406699	-44.457364	-44.301466	-44.235184	-49.250115	-47.256783	-47.808307
1236	-44.624241	-44.713719	-45.213522	-45.275257	-45.170436	-44.830712	-44.858777	-44.987529	-45.580577	-45.214073	-45.327529	-45.336808	-45.761693	-45.602166	-45.448104	-45.399782	-45.457888	-45.449574	-46.442152	-45.670836	-45.398634	-45.593025	-46.352673	-45.596745	-45.480028	-50.289866	-48.814481	-50.257667
1240	-45.486275	-45.87988	-46.255983	-46.426718	-46.29815	-45.794673	-46.068804	-46.215057	-46.640631	-46.419277	-46.402144	-46.416934	-46.571271	-47.099461	-46.809896	-46.569709	-46.650782	-46.589139	-46.967632	-46.715732	-46.570398	-46.787067	-48.300531	-46.908929	-46.635762	-50.679842	-50.307826	-52.588885
1244	-46.165954	-46.942322	-47.041998	-47.176905	-47.085864	-46.505402	-47.095281	-47.070706	-47.277178	-47.245851	-47.291647	-47.159634	-46.942919	-48.2924	-47.859569	-47.394216	-47.402392	-47.349936	-46.986556	-47.379012	-47.433214	-47.509923	-49.659658	-47.826956	-47.475519	-50.26079	-51.134675	-53.405951
1248	-46.564886	-47.600412	-47.400234	-47.542627	-47.457329	-47.014897	-47.699123	-47.505789	-47.409558	-47.596829	-47.555994	-47.45393	-46.917105	-48.742917	-48.292263	-47.712673	-47.68199	-47.67611	-46.562819	-47.542719	-47.746572	-47.727602	-49.872284	-48.088731	-47.816988	-49.23537	-51.09724	-52.277869
1252	-46.547799	-47.741336	-47.195094	-47.301936	-47.244657	-47.009385	-47.734997	-47.361466	-46.969928	-47.359628	-47.240201	-47.103365	-46.409126	-48.289185	-47.884189	-47.44998	-47.382549	-47.338269	-45.758891	-47.124035	-47.449474	-47.346308	-48.629644	-47.549931	-47.507626	-47.959704	-50.206083	-50.094419
1256	-46.120479	-47.027942	-46.264757	-46.514681	-46.41597	-46.490887	-47.167351	-46.450558	-45.961917	-46.404441	-46.335862	-46.180836	-45.547367	-46.817796	-46.665021	-46.469574	-46.403476	-46.383173	-44.624746	-46.116851	-46.429796	-46.257729	-46.360896	-46.300677	-46.464705	-46.445597	-48.544024	-47.498164
1260	-45.28008	-45.439193	-44.837326	-45.134792	-45.01417	-45.370706	-45.772763	-44.958315	-44.485384	-44.930112	-44.794195	-44.726856	-44.363522	-44.663927	-44.758964	-44.912795	-44.875359	-44.900715	-43.420966	-44.683725	-44.803473	-44.695851	-43.856554	-44.546843	-44.818218	-45.004616	-46.545824	-44.997405
1264	-44.010569	-43.4443	-43.094516	-43.299104	-43.275678	-43.690688	-43.832438	-43.126624	-42.849737	-43.173338	-43.069069	-43.085881	-43.004578	-42.365827	-42.752587	-43.055473	-43.054462	-43.036686	-42.197205	-42.932187	-42.901412	-42.875965	-41.519502	-42.593152	-42.902928	-43.611498	-44.550885	-42.795122
1268	-42.254071	-41.426762	-41.336273	-41.504573	-41.494146	-41.825511	-41.724824	-41.285378	-41.267694	-41.416564	-41.281106	-41.396721	-41.602825	-40.296797	-40.873033	-41.188872	-41.191123	-41.217948	-41.094938	-41.237607	-41.047948	-41.106697	-39.668977	-40.821312	-41.043033	-42.544049	-42.726589	-41.11593
1272	-40.644192	-39.723409	-39.867778	-40.020828	-39.993452	-40.14664	-40.115359	-39.78891	-39.908199	-39.908567	-39.891112	-39.904754	-40.335978	-38.87915	-39.408994	-39.665119	-39.737281	-39.719458	-40.172225	-39.762222	-39.550607	-39.674168	-38.386605	-39.508853	-39.591258	-41.678156	-41.365027	-39.952433
1276	-39.366413	-38.580812	-38.814797	-38.951909	-38.853152	-38.870607	-38.857148	-38.704924	-38.983282	-38.83262	-38.925497	-38.916356	-39.268896	-37.936043	-38.471536	-38.680258	-38.718337	-38.692431	-39.437197	-38.712412	-38.561566	-38.685541	-37.66476	-38.592801	-38.580077	-41.136829	-40.406211	-39.462644
1280	-38.444619	-37.90513	-38.150461	-38.265892	-38.150415	-38.091252	-38.055195	-38.031034	-38.314765	-38.147291	-38.200758	-38.218626	-38.477186	-37.383049	-37.946148	-38.00701	-38.042701	-38.007745	-38.902163	-38.10393	-37.930026	-37.996721	-37.425262	-38.050096	-37.999431	-40.767661	-39.8952	-39.226316
1284	-37.90931	-37.551028	-37.753963	-37.844543	-37.786254	-37.59664	-37.617127	-37.652174	-37.872012	-37.755019	-37.826813	-37.823552	-38.071547	-37.229402	-37.628288	-37.658834	-37.664438	-37.602474	-38.568456	-37.722957	-37.623879	-37.631458	-37.385943	-37.746889	-37.676748	-40.498215	-39.662593	-39.277256
1288	-37.766089	-37.580977	-37.802974	-37.814181	-37.706789	-37.578451	-37.563844	-37.636143	-37.826446	-37.766319	-37.81487	-37.818224	-37.94376	-37.3853	-37.715562	-37.618596	-37.621261	-37.579829	-38.491334	-37.71547	-37.599167	-37.657272	-37.684235	-37.810323	-37.614876	-40.707534	-39.82607	-39.69911
1292	-38.042058	-38.011879	-38.176184	-38.171269	-38.112658	-37.879729	-37.898561	-38.045549	-38.141366	-38.114081	-38.170947	-38.174163	-38.247702	-37.93269	-38.101771	-37.991669	-38.001315	-37.99865	-38.737032	-38.092033	-38.07095	-38.080872	-38.339202	-38.223633	-38.083398	-41.177343	-40.344476	-40.518334
1296	-38.683428	-38.761469	-38.836937	-38.816589	-38.777959	-38.62399	-38.603963	-38.727707	-38.803819	-38.798445	-38.776764	-38.826924	-38.867345	-38.787743	-38.860042	-38.635703	-38.708553	-38.68159	-39.227878	-38.792152	-38.730418	-38.751363	-39.259801	-38.884479	-38.756416	-41.889588	-41.194154	-41.605489
1300	-39.517672	-39.690015	-39.688178	-39.655289	-39.652166	-39.429572	-39.398659	-39.623549	-39.619002	-39.620196	-39.627408	-39.694287	-39.59677	-39.794376	-39.707102	-39.528834	-39.526354	-39.525205	-39.87205	-39.638018	-39.595208	-39.634711	-40.296016	-39.739072	-39.628005	-42.643128	-42.176305	-42.727599
