Freq  Med_P1P2  Med_P1P3  Med_P1P4  Med_P1P5  Med_P1P6  Med_P1P7  Med_P1P8  Med_P2P3  Med_P2P4  Med_P2P5  Med_P2P6  Med_P2P7  Med_P2P8  Med_P3P4  Med_P3P5  Med_P3P6  Med_P3P7  Med_P3P8  Med_P4P5  Med_P4P6  Med_P4P7  Med_P4P8  Med_P5P6  Med_P5P7  Med_P5P8  Med_P6P7  Med_P6P8  Med_P7P8
500	-47.538769	-56.21791	-64.370652	-64.490952	-60.146834	-60.745302	-42.523425	-47.974724	-55.942492	-62.286188	-62.621962	-61.62842	-60.835332	-47.146726	-56.92965	-59.908163	-63.624967	-60.168055	-48.44343	-57.784335	-62.089133	-65.588028	-47.089769	-57.951028	-61.209414	-48.199844	-57.084537	-47.681117
504	-46.871217	-55.64149	-68.294937	-68.384461	-61.57748	-58.02227	-42.712671	-47.392103	-56.438482	-65.401354	-64.447223	-62.258996	-59.250074	-46.723541	-56.291771	-62.392295	-66.301054	-60.522984	-47.776934	-58.804243	-67.262627	-72.295242	-46.657075	-57.70634	-65.221846	-47.643865	-56.812565	-47.269139
508	-46.129712	-55.59721	-76.443178	-70.782973	-64.362384	-56.302795	-42.645011	-47.020639	-57.69063	-70.772454	-66.789879	-63.412387	-57.131895	-46.180652	-56.654278	-66.776604	-68.419784	-62.321006	-47.186137	-60.479163	-79.019498	-70.031041	-46.122546	-58.081846	-73.099401	-47.137999	-57.418612	-46.539118
512	-45.572079	-55.745391	-73.213959	-67.840792	-70.333283	-55.144489	-42.315576	-46.689872	-60.099706	-73.051216	-67.518339	-64.508406	-55.111968	-45.622422	-57.155091	-77.511684	-66.721851	-64.475105	-46.815592	-63.494332	-71.071389	-65.585502	-45.465008	-59.497518	-74.16685	-46.746691	-58.336502	-45.911712
516	-45.121563	-56.785051	-65.954532	-64.742989	-78.965893	-54.475651	-41.868413	-46.541231	-63.990093	-65.621284	-66.264124	-65.841673	-53.744802	-45.192071	-58.854127	-70.837542	-63.832816	-68.547388	-46.670855	-69.711619	-63.78183	-62.494681	-44.924967	-62.141452	-65.69983	-46.557078	-60.700884	-45.514892
520	-44.890058	-58.747056	-61.099541	-61.229212	-66.114564	-54.272716	-41.190204	-46.692444	-71.253424	-61.083648	-62.832016	-66.291684	-52.454162	-44.894789	-61.985691	-63.008631	-61.700949	-70.963951	-46.72818	-78.449233	-60.068242	-60.199566	-44.606418	-68.659511	-60.329971	-46.603103	-65.941211	-45.057532
524	-44.632601	-62.258307	-57.882035	-58.54504	-60.120009	-54.281719	-40.353157	-46.951279	-64.970819	-58.163286	-59.797004	-63.317947	-51.760428	-44.622817	-69.539873	-58.764143	-59.527374	-64.781435	-46.930104	-63.757072	-57.165518	-58.629604	-44.129031	-70.541133	-56.751519	-46.712746	-73.183045	-44.690844
528	-44.468618	-71.472067	-55.343657	-56.56163	-56.602281	-54.591174	-39.419512	-47.292244	-58.706542	-55.893389	-57.150498	-59.488882	-51.117175	-44.450199	-73.150892	-55.623392	-57.332395	-59.330182	-47.212365	-57.91745	-54.819188	-56.425759	-43.747232	-61.291773	-54.122192	-46.90213	-62.738771	-44.274273
532	-44.341795	-69.577998	-53.260985	-55.207556	-53.86942	-55.40461	-38.408332	-47.856078	-54.865167	-54.293478	-55.019274	-56.407385	-50.83133	-44.316073	-61.160541	-53.332641	-55.446961	-55.703592	-47.80059	-54.125637	-53.027367	-55.211965	-43.430153	-56.563743	-52.205845	-47.247734	-57.050593	-44.032984
536	-44.594292	-59.850655	-51.934562	-54.618228	-52.259312	-57.255502	-37.72112	-48.524043	-52.049028	-53.199158	-53.657758	-54.141347	-51.224659	-44.58584	-55.775799	-52.076175	-54.694892	-53.122954	-48.733776	-51.444267	-51.945035	-54.313505	-43.55082	-53.000863	-50.83133	-48.048999	-53.527675	-44.094581
540	-45.392387	-54.872287	-51.279596	-54.216907	-51.020439	-60.690044	-37.278137	-49.18668	-50.329093	-52.706934	-52.86885	-52.580617	-52.629536	-45.45279	-52.535373	-51.491992	-53.981819	-51.367145	-50.246688	-49.862454	-51.367237	-53.5336	-44.191731	-50.952595	-50.313751	-49.460215	-51.398518	-44.750925
544	-46.407518	-52.367118	-51.373576	-53.78674	-50.521555	-61.968374	-37.238267	-49.514692	-49.286081	-52.487005	-52.291603	-51.284281	-55.191387	-46.891428	-50.375624	-51.266872	-53.11317	-50.057442	-51.484689	-48.75463	-51.100547	-52.450671	-45.439882	-49.603941	-50.226616	-51.702	-49.845459	-46.117907
548	-47.407904	-50.661744	-51.627496	-53.138342	-50.457707	-58.311744	-37.454063	-48.747418	-48.668826	-52.17755	-51.682479	-50.290463	-58.003162	-48.84691	-48.733408	-50.68223	-51.776275	-48.983654	-51.75092	-48.09383	-50.795732	-51.147904	-47.270655	-48.706675	-50.336167	-53.956648	-48.832257	-47.900036
552	-48.032784	-49.647807	-51.801171	-52.092895	-50.5137	-54.861171	-37.946837	-47.895581	-48.384084	-51.59989	-51.116072	-49.598429	-58.181384	-50.667256	-48.063652	-50.491147	-50.756964	-48.636443	-50.956775	-48.127086	-50.770331	-50.333962	-49.26417	-48.394511	-50.561655	-54.731914	-48.431901	-49.968331
556	-47.878953	-49.470733	-52.484203	-51.864789	-51.297969	-53.501171	-38.522568	-47.121555	-48.875894	-51.735119	-51.365859	-49.847894	-57.473227	-51.19788	-48.148123	-51.137294	-50.628075	-48.940614	-49.797413	-48.828904	-51.24882	-50.113068	-50.758204	-48.814389	-51.607148	-53.412427	-48.971206	-51.353043
560	-47.423063	-49.952714	-53.949344	-52.41126	-52.687504	-52.970087	-39.501182	-46.500028	-50.058683	-52.52343	-52.232487	-50.8729	-57.56785	-50.48885	-48.921276	-52.297253	-50.969498	-50.193589	-48.731066	-50.320641	-52.368266	-50.762568	-51.241655	-50.035348	-53.325797	-51.42006	-50.374843	-51.520333
564	-46.704754	-50.84139	-56.109231	-53.205726	-54.774448	-52.777442	-40.561833	-46.082998	-51.821152	-53.688718	-53.311879	-52.570649	-56.831811	-49.361917	-50.05464	-53.427356	-51.63875	-51.886745	-47.971509	-52.285035	-53.783341	-51.826434	-50.701936	-51.790606	-55.496294	-49.820196	-52.07443	-50.483062
568	-46.166367	-51.885826	-57.905599	-54.121687	-57.113567	-52.713089	-41.646416	-45.770282	-54.223843	-54.548272	-54.124994	-54.36711	-55.673965	-48.265713	-51.534848	-54.64928	-52.424122	-53.946726	-47.461784	-54.52581	-54.845278	-52.897145	-49.554286	-53.882052	-57.103921	-48.638004	-54.157929	-49.411066
572	-45.677772	-53.153959	-58.542514	-55.198966	-59.074378	-52.939404	-42.476802	-45.665783	-56.670263	-55.379209	-54.825572	-56.250844	-54.571606	-47.465505	-53.184046	-55.69955	-53.459188	-56.152408	-47.08908	-56.726486	-55.55293	-54.17915	-48.354227	-55.907399	-57.594124	-47.930352	-56.063068	-48.272006
576	-45.216324	-55.101265	-58.687618	-56.037896	-59.838942	-53.175686	-42.93848	-45.618426	-60.060571	-56.002114	-55.666386	-58.29631	-53.601582	-46.434757	-55.251422	-56.233251	-54.728239	-58.287904	-46.656064	-58.508201	-55.804554	-54.959606	-47.323065	-58.269393	-57.313149	-47.338912	-58.316613	-47.252741
580	-44.732093	-57.264	-57.802984	-56.992027	-58.687021	-53.269207	-43.005267	-45.575111	-62.260879	-56.328931	-56.141522	-59.76972	-52.641249	-45.63758	-57.364227	-55.991044	-55.7549	-59.257193	-46.347988	-59.236431	-55.792152	-55.770884	-46.166046	-59.641473	-56.439769	-46.721841	-60.187623	-46.210785
584	-44.456078	-60.801708	-56.957485	-57.654343	-57.290136	-53.932395	-42.667426	-45.654713	-61.570314	-56.405181	-56.858039	-60.152668	-52.264181	-45.144484	-59.857728	-55.874327	-57.086375	-59.234227	-46.200496	-59.179244	-56.124435	-57.157342	-45.47052	-60.12915	-55.829174	-46.43788	-60.559776	-45.406902
588	-44.251628	-66.445975	-56.454789	-58.713019	-56.320709	-54.941095	-41.895192	-45.925675	-59.468993	-57.153024	-58.10247	-59.729528	-52.310206	-44.510509	-61.859695	-55.870882	-58.838923	-58.439025	-46.222314	-58.224286	-56.824324	-58.948796	-44.8331	-60.15625	-55.979285	-46.385286	-60.391706	-44.971131
592	-44.285986	-70.205037	-56.464481	-59.818134	-55.652468	-56.959782	-40.982768	-46.511925	-57.364732	-57.707855	-59.234824	-58.496626	-52.82186	-44.324295	-60.862433	-56.079879	-60.967253	-56.840079	-46.574395	-56.987664	-57.556229	-61.082224	-44.468434	-59.087515	-56.100733	-46.66493	-59.035886	-44.689191
596	-44.596175	-60.966518	-56.451757	-59.401379	-55.319128	-60.005772	-39.972185	-47.217097	-55.547464	-58.013819	-59.738669	-56.662179	-53.665291	-44.446524	-58.753854	-56.435726	-60.771576	-55.41297	-47.235516	-55.876761	-57.855072	-60.919758	-44.299215	-56.85905	-56.468018	-47.204189	-56.48832	-44.569029
600	-45.055419	-55.909925	-56.014654	-57.202633	-54.995894	-63.322954	-38.918332	-48.263003	-54.032117	-57.761965	-58.902449	-54.890844	-55.284494	-44.664478	-56.2841	-56.696215	-58.54086	-54.347542	-48.142611	-54.914316	-57.802065	-58.418585	-44.209277	-54.852352	-56.19159	-48.097045	-54.343959	-44.678947
604	-45.499458	-52.694348	-54.996491	-54.698428	-54.409369	-61.551206	-37.96273	-48.988293	-52.890347	-56.528696	-57.01674	-53.725189	-57.540152	-44.99791	-54.422506	-57.051098	-56.089709	-53.897072	-49.212357	-54.274783	-57.043703	-55.337731	-44.319288	-53.382387	-55.923659	-49.372665	-52.805967	-44.993776
608	-46.085248	-50.585219	-53.824543	-52.909639	-54.441614	-57.744556	-37.146124	-48.944473	-52.322149	-55.440117	-55.08404	-53.004078	-61.994372	-45.633263	-52.997602	-57.069471	-54.015902	-53.85316	-50.408145	-54.13216	-55.915116	-53.162687	-44.78928	-52.57437	-55.375351	-51.098664	-51.676553	-45.572217
612	-46.327043	-49.403808	-52.859434	-52.023351	-54.919461	-54.883311	-36.614168	-47.934992	-52.285816	-54.441292	-53.596161	-52.733208	-66.228571	-46.398974	-52.237402	-56.674259	-52.547912	-54.391409	-50.781998	-54.505599	-54.573903	-51.802641	-45.690679	-52.253754	-55.01785	-52.367072	-51.261498	-46.630985
616	-46.146156	-49.190677	-52.448926	-51.812746	-55.660598	-52.920571	-36.609529	-46.463603	-52.694165	-53.726153	-52.517367	-53.206094	-59.882624	-47.113654	-52.293808	-55.565102	-51.807923	-55.468412	-49.72888	-54.958963	-53.655232	-51.256721	-46.875535	-52.64102	-54.368534	-52.468034	-51.412068	-48.023552
620	-45.403595	-49.545789	-52.329269	-52.280074	-56.085345	-51.70099	-37.057243	-45.026756	-53.409258	-53.392171	-52.115724	-54.150993	-55.315867	-47.252328	-53.028423	-54.426961	-51.748669	-56.732779	-48.175408	-55.347331	-52.947626	-51.607561	-47.864943	-53.343343	-53.691382	-50.857788	-52.537164	-49.007218
624	-44.552309	-50.609609	-52.77588	-53.464792	-55.988655	-51.32925	-37.777526	-44.157189	-54.722635	-53.300993	-52.402533	-55.296024	-53.025575	-46.789869	-54.29256	-53.680495	-52.353889	-57.260922	-46.850225	-55.487291	-52.739869	-52.554481	-48.116245	-54.613911	-53.49226	-49.072719	-54.586672	-48.883198
628	-43.863352	-52.322057	-53.646459	-55.314948	-55.481825	-51.61243	-38.84323	-43.7651	-56.193289	-53.827483	-53.277245	-56.22062	-51.785232	-45.879972	-56.098161	-53.347937	-53.588766	-56.812289	-45.945565	-55.276364	-53.081752	-54.260223	-47.431147	-56.083967	-53.671125	-47.653327	-57.141357	-47.898842
632	-43.42262	-54.673532	-54.60872	-57.167402	-54.79939	-52.388936	-40.144298	-43.742455	-57.140668	-54.59223	-54.543311	-56.891709	-51.35805	-45.157575	-57.38531	-53.224881	-55.135853	-55.006045	-45.602211	-54.754513	-53.713246	-56.395535	-46.442887	-56.834889	-54.135237	-46.759001	-58.436775	-46.797907
636	-43.355465	-57.858563	-55.61935	-58.174678	-54.365778	-53.570898	-41.335078	-44.166329	-57.38407	-55.444848	-55.975197	-56.476745	-51.461538	-44.821709	-57.488707	-53.687891	-56.592314	-53.834832	-45.727564	-54.560123	-54.705778	-58.592489	-45.694997	-56.439539	-54.420025	-46.428188	-57.007185	-45.945243
640	-43.583387	-61.515148	-56.523827	-58.389188	-54.246029	-55.098923	-42.213511	-44.997818	-56.887942	-55.961233	-56.999974	-55.472133	-52.152103	-44.750971	-56.382673	-54.23868	-57.413008	-52.999898	-46.105735	-54.539866	-55.701295	-58.082719	-45.246273	-55.317383	-54.515521	-46.471917	-55.391244	-45.53841
644	-43.978599	-61.406286	-56.857442	-56.996942	-54.134457	-56.514686	-42.737199	-45.977626	-55.581271	-55.829817	-56.403068	-54.374643	-52.630593	-44.754095	-55.338696	-54.66701	-56.707423	-52.58443	-46.745681	-53.965467	-55.819298	-56.265772	-44.973841	-53.996334	-54.51079	-46.669339	-53.973368	-45.218115
648	-44.448223	-57.921584	-56.613719	-55.26364	-53.990822	-56.850552	-42.787543	-47.074473	-54.219204	-54.836964	-55.156018	-53.31537	-53.078307	-44.90145	-53.899782	-54.731868	-55.220417	-52.380255	-47.323341	-53.314956	-55.0122	-54.431555	-44.789326	-53.088274	-54.322049	-47.012968	-53.065308	-45.131439
652	-44.972876	-55.082892	-55.914473	-53.845167	-53.804011	-56.540133	-42.353149	-48.300393	-53.217669	-54.110295	-53.968958	-52.81497	-53.694919	-45.113387	-52.896732	-54.471609	-53.975481	-52.172773	-48.089742	-52.936097	-54.305237	-53.125848	-44.724835	-52.549474	-53.900379	-47.532063	-52.393025	-45.000298
656	-45.608964	-53.300809	-55.172049	-52.970225	-53.867123	-55.897983	-41.710309	-49.783173	-52.657418	-53.429239	-53.206783	-52.505424	-54.457094	-45.494038	-52.287929	-54.170652	-53.077802	-52.337491	-49.101657	-52.899258	-53.687569	-52.254397	-44.902644	-52.306394	-53.880168	-48.263233	-52.136624	-45.245767
660	-46.525705	-52.012833	-54.823505	-52.389625	-54.098123	-55.385594	-41.00748	-51.795935	-52.479242	-53.177385	-52.681992	-52.630822	-55.596475	-46.156721	-52.110441	-54.090452	-52.481906	-52.674413	-50.767391	-53.013265	-53.219507	-51.677059	-45.280906	-52.340155	-53.686513	-49.436421	-52.042414	-45.605013
664	-47.794297	-51.200958	-54.679825	-52.222887	-54.528428	-54.685843	-40.268915	-54.366651	-52.499177	-52.940231	-52.409331	-52.984143	-56.406099	-47.151687	-52.022341	-53.759869	-52.107823	-53.336178	-53.449771	-53.319366	-52.874546	-51.316113	-45.963433	-52.574646	-53.438334	-51.205138	-52.184624	-46.321576
668	-49.380887	-50.758893	-54.756672	-52.213011	-54.470231	-53.600479	-39.588364	-55.792244	-52.611898	-52.745335	-52.149163	-53.306413	-56.422865	-48.68674	-52.066896	-53.274856	-51.935205	-53.824359	-57.888236	-53.450139	-52.354394	-51.114511	-47.008558	-52.861822	-52.952449	-54.173913	-52.558982	-47.499772
672	-50.726924	-50.644381	-54.365318	-51.880269	-53.642371	-52.381357	-39.024438	-53.333605	-52.404003	-52.23584	-51.838377	-53.555602	-55.032273	-50.896372	-51.930198	-52.425959	-51.813114	-53.815724	-64.486726	-53.003986	-51.622581	-51.0638	-48.662533	-52.689342	-52.12808	-59.555715	-52.818874	-49.314789
676	-50.451552	-50.346961	-53.720504	-51.388045	-52.122109	-50.843778	-38.415359	-49.595581	-51.91821	-51.346842	-51.181344	-52.965908	-52.711206	-53.770571	-51.53494	-51.295718	-51.550787	-52.742671	-56.998963	-51.792122	-50.781355	-50.887553	-51.002846	-52.284851	-50.901655	-66.339776	-52.445297	-52.101668
680	-47.979226	-49.789788	-52.445113	-50.560552	-50.395743	-49.542711	-38.065897	-46.397367	-50.859763	-50.266761	-50.479801	-51.73397	-50.333733	-54.219388	-50.735559	-49.898696	-51.006888	-50.994027	-50.946532	-49.981928	-49.543262	-50.357572	-54.992311	-50.806756	-49.415889	-55.529136	-51.319466	-56.342481
684	-45.032222	-49.176299	-51.190898	-49.640412	-48.901341	-48.239118	-37.812023	-43.910617	-49.779774	-49.135235	-49.837375	-50.189363	-48.367731	-50.911163	-49.696497	-48.560285	-50.237134	-49.075889	-47.24631	-48.441041	-48.412563	-49.603068	-58.346469	-49.418139	-48.113581	-50.197677	-49.868104	-57.220455
688	-42.813449	-48.548756	-50.304748	-48.994449	-47.81754	-47.37892	-37.93021	-42.141441	-48.861425	-48.459369	-49.335321	-48.816778	-47.038874	-47.336202	-48.889215	-47.754519	-49.575737	-47.844273	-44.814222	-47.288018	-47.652409	-48.945392	-53.672319	-48.144954	-47.345756	-47.085038	-48.704332	-51.993495
692	-41.319737	-48.638188	-49.960017	-48.943233	-47.522509	-47.394676	-38.668499	-41.209266	-48.733225	-48.543289	-49.332887	-48.217391	-46.547845	-44.882341	-48.541544	-47.677167	-49.41056	-47.414151	-43.414995	-46.813019	-47.693152	-48.62427	-49.427464	-47.637113	-47.319896	-45.219264	-48.183262	-48.203519
696	-40.636981	-49.35544	-50.540939	-49.640871	-48.317021	-48.196262	-39.870074	-41.029529	-49.161279	-49.375651	-50.034981	-48.507829	-46.928864	-43.450823	-48.814389	-48.37871	-49.792636	-47.842665	-43.020426	-47.289074	-48.28698	-48.801757	-46.852063	-47.855297	-48.125616	-44.362374	-48.339942	-45.959207
700	-40.481174	-50.490504	-51.299669	-50.620082	-49.566551	-49.894424	-41.285424	-41.493779	-50.079215	-50.459499	-50.823292	-49.12591	-47.908901	-42.768985	-49.557272	-49.675551	-50.414759	-48.797118	-43.122214	-48.515683	-49.82681	-49.59333	-45.225373	-48.855775	-49.709588	-44.126367	-48.921598	-44.556948
704	-40.839961	-51.735165	-51.746234	-51.507426	-51.23403	-51.733373	-42.447267	-42.470831	-51.04878	-51.478626	-51.428007	-50.038839	-49.403533	-42.670045	-50.602444	-51.216759	-51.075146	-50.223446	-43.796932	-50.27186	-51.567783	-50.591282	-44.43844	-50.0246	-51.80333	-44.387821	-49.676607	-43.941209
708	-41.72092	-52.53574	-51.495254	-52.019861	-52.921536	-53.469017	-42.927502	-44.140882	-51.830477	-52.303546	-51.731168	-51.121033	-51.357591	-43.080598	-51.388183	-52.581398	-51.51597	-51.503614	-45.000804	-52.54557	-53.358318	-51.610271	-44.201468	-51.722487	-53.701946	-45.277461	-50.732757	-43.920769
712	-42.809728	-51.673522	-50.613697	-51.616978	-53.052492	-53.253773	-42.757043	-46.455932	-51.61638	-52.00236	-51.151028	-51.604897	-52.84841	-43.701712	-51.341973	-52.44447	-51.084884	-51.935205	-46.677286	-53.675948	-52.92691	-51.774254	-44.211849	-52.371022	-53.643657	-46.371185	-51.302103	-44.113873
716	-44.204179	-50.488161	-49.79383	-50.953238	-52.167399	-52.122292	-42.20754	-49.223703	-50.887002	-50.973954	-50.348248	-51.364757	-53.014459	-44.530766	-51.055762	-51.08764	-50.239293	-51.353457	-48.58316	-52.982627	-51.542565	-51.169815	-44.540045	-52.113749	-52.040025	-47.602663	-51.376699	-44.544822
720	-45.900779	-49.774262	-49.123568	-50.226616	-50.943362	-50.739142	-41.560153	-53.097966	-50.1449	-50.109393	-49.677205	-50.696516	-52.271071	-45.565832	-50.499507	-49.925521	-49.464119	-50.451828	-50.867618	-51.562638	-50.048164	-50.252522	-45.037505	-51.111249	-50.424313	-48.963903	-50.897796	-45.191979
724	-47.952079	-49.120904	-48.420096	-49.56972	-49.874811	-49.680971	-40.856221	-59.184664	-49.265916	-49.19527	-48.999593	-49.954322	-51.035	-46.80397	-49.666594	-48.683387	-48.720914	-49.41373	-53.131314	-49.935397	-48.880212	-49.305556	-45.50079	-50.04798	-49.092195	-50.253946	-50.182519	-45.896186
728	-50.757286	-48.606724	-47.950379	-49.007815	-49.062522	-48.697167	-40.224268	-70.054513	-48.50397	-48.360015	-48.499744	-49.076532	-49.836961	-48.265897	-48.881957	-47.789382	-48.219917	-48.515821	-55.250687	-48.679574	-47.853873	-48.480958	-46.194111	-49.150301	-48.031314	-51.603841	-49.488601	-46.833092
732	-54.933746	-48.138385	-47.528893	-48.429834	-48.234157	-48.033427	-39.662822	-58.120017	-47.892411	-47.76591	-47.973346	-48.455005	-48.791468	-50.293219	-48.388126	-47.197437	-47.845421	-47.644278	-55.863073	-47.613595	-47.179707	-47.827599	-47.124632	-48.225981	-47.072819	-52.652641	-48.600201	-47.885062
736	-62.244527	-47.838945	-47.335513	-48.136732	-47.725305	-47.618004	-39.22921	-52.534775	-47.508315	-47.276489	-47.653189	-47.941606	-48.000034	-53.404481	-47.893054	-46.768923	-47.559209	-47.087518	-54.187969	-46.835435	-46.801949	-47.433489	-48.55266	-47.398488	-46.45483	-52.959201	-47.677442	-49.42209
740	-57.559077	-47.920752	-47.349293	-47.959796	-47.425956	-47.355494	-38.898075	-48.806259	-47.26303	-47.086691	-47.637388	-47.656589	-47.367988	-58.987701	-47.577353	-46.431587	-47.429953	-46.782611	-51.60972	-46.268891	-46.521663	-47.177777	-50.737259	-46.793727	-46.140139	-52.409285	-47.044065	-51.750598
744	-50.673641	-47.959336	-47.446075	-47.868204	-47.211906	-47.26868	-38.834227	-46.154516	-47.162114	-47.101849	-47.676156	-47.405883	-46.836078	-61.961025	-47.449796	-46.462638	-47.347318	-46.57885	-49.096375	-45.997102	-46.597499	-47.03497	-54.286818	-46.309863	-45.988099	-51.100685	-46.542838	-55.210633
748	-46.434114	-47.824751	-47.417642	-47.499037	-46.933365	-47.174332	-38.970237	-43.899042	-46.870804	-47.215351	-47.533625	-47.164595	-46.295073	-53.234205	-47.20474	-46.450144	-47.276259	-46.521433	-46.637278	-45.694033	-46.69938	-46.968183	-58.012165	-45.857051	-46.044827	-48.756145	-46.027234	-56.949585
752	-43.480909	-47.423981	-47.184713	-46.980034	-46.518907	-46.831393	-39.281344	-42.174376	-46.580963	-47.120866	-47.239191	-46.599153	-45.782087	-48.070679	-46.566173	-46.45212	-46.924178	-46.262001	-44.587264	-45.395097	-46.696532	-46.622946	-53.587159	-45.3561	-46.18102	-46.417761	-45.463125	-52.505791
756	-41.197967	-46.762814	-46.808013	-46.224381	-46.041979	-46.362274	-39.979075	-40.82958	-46.118734	-46.959455	-46.632914	-46.000363	-45.251004	-44.76397	-45.852136	-46.142022	-46.214643	-45.941293	-42.906373	-45.26901	-46.438156	-46.102014	-48.558493	-44.850739	-46.225805	-44.324295	-44.874027	-47.998518
760	-39.641555	-46.010193	-46.372884	-45.541625	-45.685948	-45.846164	-41.274584	-39.974114	-45.950755	-46.667134	-46.102979	-45.393719	-45.06975	-42.454708	-45.293125	-45.812403	-45.509977	-45.56744	-41.746918	-45.258629	-46.025856	-45.544886	-45.140396	-44.478494	-46.003579	-42.788921	-44.427186	-44.866173
764	-38.782874	-45.453387	-46.062971	-45.218988	-45.559815	-45.674327	-43.398091	-39.683492	-45.918004	-46.343992	-45.679747	-45.217794	-45.172182	-40.970182	-44.944443	-45.500239	-44.964149	-45.425321	-41.102884	-45.446405	-45.553706	-45.02694	-42.864481	-44.423281	-45.687969	-41.88674	-44.366002	-42.784787
768	-38.555732	-45.177188	-45.968715	-45.203141	-45.662293	-45.658158	-46.315789	-40.146502	-46.215929	-46.115473	-45.376218	-45.315586	-45.744605	-40.223119	-45.022576	-45.233181	-44.864381	-45.368318	-41.033892	-45.722879	-45.115408	-44.745597	-41.492447	-44.645875	-45.296478	-41.522074	-44.629385	-41.554595
772	-38.957191	-45.25183	-45.96527	-45.402171	-45.838861	-45.653749	-48.060941	-41.219601	-46.452671	-45.913687	-45.392663	-45.654759	-46.398056	-40.167816	-45.378377	-45.11945	-44.884454	-45.481912	-41.640628	-46.017221	-44.879264	-44.722814	-40.863065	-45.11922	-44.93397	-41.705349	-45.113295	-40.989245
776	-39.862909	-45.510942	-45.961366	-45.705929	-45.965224	-45.766516	-46.756659	-42.936092	-46.581422	-45.70694	-45.416916	-45.932703	-46.876316	-40.580574	-45.895681	-45.066764	-45.135251	-45.453479	-42.586446	-46.11065	-44.773433	-44.822628	-40.775562	-45.530877	-44.746102	-42.242771	-45.659904	-40.894668
780	-41.225114	-45.768491	-45.86045	-45.882728	-46.236278	-45.9751	-44.099726	-45.329917	-46.608707	-45.650809	-45.181414	-46.044689	-47.087334	-41.38069	-46.360161	-45.090925	-45.321144	-45.296708	-44.061004	-45.996183	-44.618407	-45.032268	-41.13738	-46.175278	-44.65125	-43.160661	-46.26393	-41.22323
784	-42.866135	-46.092047	-45.70841	-46.073444	-45.896875	-45.799542	-42.695032	-48.206918	-46.027326	-45.25748	-45.476583	-46.147626	-46.722622	-42.523425	-46.498558	-45.179118	-45.553109	-45.497621	-45.317515	-45.606391	-44.80871	-45.139845	-41.650504	-46.258693	-44.841277	-44.211712	-46.365305	-41.782241
788	-45.301071	-46.553725	-45.674832	-46.224473	-45.992325	-45.846118	-41.515367	-52.050406	-45.888745	-45.422657	-45.784016	-46.206651	-46.608845	-44.006802	-46.632179	-45.417237	-45.845567	-45.558115	-46.985775	-45.431522	-45.136537	-45.438275	-42.519658	-46.477613	-45.191841	-45.569645	-46.604894	-42.7067
792	-48.556748	-46.952336	-45.888148	-46.455013	-46.219099	-46.223049	-40.862928	-56.611468	-46.05406	-45.816813	-46.295348	-46.604481	-46.656891	-45.853606	-46.957067	-45.86463	-46.377845	-45.824438	-48.9933	-45.525227	-45.790493	-45.967842	-43.810758	-46.793406	-45.768858	-47.096108	-46.840901	-43.974189
796	-53.263052	-47.39835	-46.21005	-46.895837	-46.533514	-46.733049	-40.632525	-56.72373	-46.342798	-46.520928	-46.898134	-47.039609	-46.848526	-48.311095	-47.241947	-46.398929	-46.960604	-46.221901	-50.625732	-45.859393	-46.579723	-46.618445	-45.379572	-47.018067	-46.480277	-48.798129	-47.00029	-45.534965
800	-62.618104	-47.704451	-46.516013	-47.30878	-46.899237	-47.196564	-40.41751	-52.914232	-46.717018	-47.127205	-47.47166	-47.371204	-47.058534	-51.29163	-47.413279	-46.92202	-47.551309	-46.561763	-51.549363	-46.106056	-47.250812	-47.180212	-47.164732	-47.090136	-47.154857	-50.156153	-47.039609	-47.274835
804	-62.091752	-47.711249	-46.894368	-47.495178	-47.19978	-47.616626	-40.287518	-49.932503	-46.968872	-47.720987	-47.927459	-47.519799	-47.156005	-55.203789	-47.439553	-47.513965	-47.925897	-46.891152	-51.223419	-46.436778	-47.713316	-47.561139	-49.122787	-46.987659	-47.682449	-50.932246	-46.921422	-49.075521
808	-53.530844	-47.865173	-47.311398	-47.882122	-47.593843	-48.135308	-40.235751	-47.731782	-47.440655	-48.249039	-48.273568	-47.78851	-47.338407	-57.974867	-47.345848	-48.059885	-48.299888	-47.240109	-50.273835	-46.792946	-48.178348	-47.988366	-51.672511	-46.98922	-48.243895	-51.143862	-46.791752	-51.398885
812	-49.167113	-47.92631	-47.735594	-48.125157	-48.075043	-48.569747	-40.399642	-46.00142	-47.829942	-48.792892	-48.535067	-48.078626	-47.476162	-55.446364	-47.300512	-48.607275	-48.592622	-47.606888	-48.949985	-47.379472	-48.635202	-48.224878	-54.852076	-47.199412	-48.781317	-50.611447	-46.839247	-54.086732
816	-46.164024	-48.064386	-48.236545	-48.409531	-48.665335	-49.040841	-40.660682	-44.585932	-48.584308	-49.342395	-49.021687	-48.543703	-47.9349	-51.229482	-47.437256	-49.228204	-48.79009	-48.219228	-47.609782	-48.087215	-49.002579	-48.60089	-56.403894	-47.35283	-49.257096	-49.559753	-47.073646	-55.454127
820	-43.82835	-48.122768	-48.606816	-48.669055	-49.231466	-49.213781	-41.333609	-43.522571	-49.51561	-49.813306	-49.287826	-49.035054	-48.656194	-47.921809	-47.657967	-49.665583	-48.930325	-48.798175	-46.295946	-49.225862	-49.190677	-48.81269	-53.013311	-47.816254	-49.448318	-48.037102	-47.299777	-52.644419
824	-42.14971	-48.039215	-48.49731	-48.553716	-49.330912	-48.774978	-42.556038	-42.805319	-50.322617	-49.590298	-49.108226	-49.394438	-49.319153	-45.297397	-47.821582	-49.477899	-48.602038	-49.299126	-45.199145	-50.36143	-48.801987	-48.677737	-48.9724	-48.320833	-48.962938	-46.595524	-47.873946	-49.059674
828	-40.967748	-47.697515	-47.837475	-47.904859	-48.751736	-47.814003	-44.520706	-42.441479	-49.859285	-48.482473	-48.484311	-49.21617	-49.557502	-43.308291	-47.899944	-48.540809	-48.0326	-49.047915	-44.289707	-50.565881	-47.975092	-48.226716	-45.958977	-48.732306	-47.918547	-45.222341	-48.272879	-46.173027
832	-40.31099	-47.11223	-46.883022	-46.910261	-47.488747	-46.657167	-47.887634	-42.624938	-48.380501	-47.090274	-47.501012	-48.280274	-48.734649	-41.975759	-47.759066	-47.311766	-47.257472	-47.970085	-43.672039	-48.870061	-46.765019	-47.05881	-43.804557	-48.577969	-46.522811	-44.198115	-48.395108	-44.058202
836	-40.1341	-46.34018	-45.842903	-45.951123	-46.12668	-45.522701	-51.253368	-43.289229	-46.586108	-45.748739	-46.316064	-46.828361	-47.356597	-41.306232	-47.380666	-45.988329	-46.109042	-46.444632	-43.428269	-46.752525	-45.575019	-45.898299	-42.544187	-47.544097	-45.281825	-43.586051	-47.910601	-42.735316
840	-40.575154	-45.778458	-45.194689	-45.038699	-44.917297	-44.603387	-48.802584	-44.74229	-45.06727	-44.808848	-45.49785	-45.643781	-46.032976	-41.158877	-46.56236	-44.951471	-45.179669	-45.198502	-43.580355	-44.908983	-44.6648	-44.920328	-41.755967	-46.225162	-44.466872	-43.343476	-46.861709	-41.963128
844	-41.700893	-45.14407	-44.908156	-44.440185	-44.096556	-44.109372	-44.971866	-46.810493	-44.052368	-44.267062	-44.757264	-44.65667	-44.868745	-41.543938	-45.653106	-44.276799	-44.538896	-44.282771	-44.098577	-43.652563	-44.081444	-44.212722	-41.575724	-44.86925	-43.884389	-43.462765	-45.452973	-41.750731
848	-43.473835	-44.624103	-44.906548	-44.073544	-43.582514	-43.910434	-42.541017	-49.12908	-43.518299	-44.039185	-44.360858	-44.086864	-44.218602	-42.482452	-44.832411	-43.875524	-44.096832	-43.868175	-44.802371	-42.916386	-43.748288	-43.861331	-41.792347	-43.986316	-43.643055	-43.84112	-44.454746	-41.909202
852	-45.730136	-44.280566	-45.063365	-43.927796	-43.447699	-43.876672	-41.093652	-50.457983	-43.467864	-44.229488	-44.367748	-44.070971	-43.976348	-43.652517	-44.320023	-43.85637	-44.00942	-43.807083	-45.51232	-42.712487	-43.711587	-43.854165	-42.489618	-43.469839	-43.690182	-44.408996	-43.849755	-42.580566
856	-48.231676	-44.103538	-45.327621	-44.0362	-43.539428	-44.042493	-40.353341	-50.124965	-43.755775	-44.657037	-44.552309	-44.182636	-44.130685	-45.02152	-44.055354	-44.162425	-44.181441	-43.975521	-46.118458	-42.883773	-44.01507	-44.03202	-43.335989	-43.366213	-44.10657	-45.132174	-43.655411	-43.497859
860	-50.43474	-44.061417	-45.797016	-44.222276	-43.836113	-44.34818	-40.042187	-49.016451	-44.239318	-45.150869	-44.877334	-44.551895	-44.511106	-46.550509	-44.142536	-44.586621	-44.420434	-44.281393	-46.645316	-43.355373	-44.43086	-44.379277	-44.423419	-43.592757	-44.547532	-45.718791	-43.62413	-44.512301
864	-51.194802	-44.019801	-46.115335	-44.465448	-44.17005	-44.583452	-39.951882	-47.734767	-44.735997	-45.602809	-45.224408	-44.830896	-44.844905	-47.941331	-44.277488	-44.993546	-44.727178	-44.57082	-46.809666	-43.877316	-44.820469	-44.728096	-45.403273	-43.807818	-44.992628	-46.074867	-43.779385	-45.44149
868	-50.366575	-43.95747	-46.300401	-44.622955	-44.377991	-44.740131	-39.933922	-46.682063	-45.180955	-45.838494	-45.342274	-45.163363	-45.103373	-48.913238	-44.428196	-45.252565	-44.956708	-44.928091	-46.814994	-44.444181	-45.204978	-44.967272	-46.198337	-44.082684	-45.34728	-46.2829	-43.95747	-46.172614
872	-49.005381	-44.092652	-46.401639	-44.788223	-44.768472	-44.894605	-39.886932	-45.786726	-45.698672	-46.109915	-45.564133	-45.458439	-45.431339	-49.641009	-44.612482	-45.538042	-45.223489	-45.317607	-46.744716	-45.084219	-45.492982	-45.291701	-46.871998	-44.398661	-45.682779	-46.422676	-44.164446	-46.758864
876	-47.536564	-44.303073	-46.454095	-45.090053	-45.202039	-45.133873	-39.951009	-45.001906	-46.249139	-46.272474	-45.871841	-45.939455	-45.80216	-50.064195	-44.965756	-45.843868	-45.576718	-45.755354	-46.522811	-45.788288	-45.790034	-45.625546	-47.671287	-44.87931	-45.959299	-46.59557	-44.444411	-47.406435
880	-46.165908	-44.629385	-46.78082	-45.529223	-45.738312	-45.427802	-40.200382	-44.402749	-47.050542	-46.690009	-46.253319	-46.598556	-46.397734	-49.785883	-45.460185	-46.268202	-46.03463	-46.392452	-46.491485	-46.874295	-46.211795	-46.162325	-48.430247	-45.606208	-46.369807	-46.718488	-45.018488	-48.078212
884	-45.078064	-45.417742	-47.299088	-46.189885	-46.54835	-45.997286	-40.760634	-44.118283	-48.12557	-47.198402	-47.031525	-47.59467	-47.335743	-49.211255	-46.387629	-46.935294	-46.795978	-47.254027	-46.621017	-48.225383	-46.901947	-46.881736	-49.221682	-46.773746	-46.887202	-47.10286	-46.077302	-48.77801
888	-44.297653	-46.692582	-47.968477	-47.195232	-47.588331	-46.872182	-41.806908	-44.143868	-49.46072	-48.117991	-48.017626	-48.870336	-48.561295	-48.500204	-47.800315	-47.842344	-47.880836	-48.434657	-46.921744	-49.916105	-47.894524	-47.938529	-49.93627	-48.472001	-47.76173	-47.616075	-47.713408	-49.543905
892	-43.638232	-48.1947	-48.633319	-48.398277	-48.703781	-47.70367	-43.283395	-44.415519	-50.643692	-48.933311	-49.096099	-50.149355	-49.90159	-47.725167	-49.787032	-48.739334	-49.134959	-49.563381	-47.431422	-51.37307	-48.944427	-49.150714	-50.014678	-50.594267	-48.574065	-48.20136	-49.856299	-49.815189
896	-43.251425	-49.91096	-48.868545	-49.552495	-49.433527	-48.660144	-45.430236	-45.008291	-51.09012	-49.837926	-50.191706	-51.239404	-51.043681	-46.778707	-52.023719	-49.503851	-50.247883	-50.417377	-47.835637	-51.487812	-49.906918	-50.056064	-49.523327	-52.533168	-49.323838	-48.629644	-52.422514	-49.590712
900	-43.054324	-51.178818	-48.608148	-50.090652	-49.445791	-49.289342	-48.56621	-45.777723	-50.427804	-50.298226	-50.728026	-51.256262	-51.387448	-46.043587	-53.541271	-49.818037	-50.728531	-50.456099	-48.226486	-50.179717	-50.329047	-50.351049	-48.551144	-52.601838	-49.751663	-48.72243	-53.652017	-48.776172
904	-43.115508	-50.848601	-47.69182	-49.532927	-48.559688	-49.43192	-53.170909	-47.074427	-49.189253	-50.132314	-50.36065	-50.224273	-50.425921	-45.511539	-52.466886	-49.500406	-50.442136	-49.687034	-48.483897	-48.348577	-50.021063	-50.017664	-47.463989	-50.569877	-49.599209	-48.538558	-51.910722	-47.87367
908	-43.657018	-48.984573	-46.446745	-48.101363	-47.48443	-48.821095	-53.139261	-49.121363	-47.83674	-49.176437	-49.262149	-48.673557	-48.890501	-45.318067	-49.695624	-48.727804	-49.404865	-48.592852	-48.527994	-46.701217	-49.0944	-48.938685	-46.395575	-48.19323	-48.864916	-48.051709	-49.016818	-46.871493
912	-44.731174	-47.187286	-45.454076	-46.692765	-46.400582	-47.808812	-48.332041	-52.138599	-46.809988	-48.058645	-48.018407	-47.472074	-47.589204	-45.557243	-47.370836	-47.844503	-48.029385	-47.506018	-48.26112	-45.789666	-47.986713	-47.796502	-45.687648	-46.357726	-47.865816	-47.437991	-46.806267	-46.150061
916	-46.550647	-45.810107	-44.759791	-45.638637	-45.812311	-46.927118	-45.143933	-54.93935	-46.374308	-47.183381	-47.16069	-46.67825	-46.86079	-46.261817	-45.862379	-47.163492	-46.978839	-46.920963	-47.89503	-45.418615	-47.219026	-46.948064	-45.478421	-45.266805	-47.158807	-47.008972	-45.469234	-45.89761
920	-48.886551	-44.957029	-44.376429	-45.040766	-45.536251	-46.171098	-43.266032	-54.367983	-46.28189	-46.748483	-46.803327	-46.311609	-46.575267	-47.203362	-45.052066	-46.757532	-46.298747	-46.614357	-47.425819	-45.52711	-46.725148	-46.367602	-45.527845	-44.82102	-46.727583	-46.663781	-44.810547	-45.829858
924	-51.436872	-44.64537	-44.218969	-44.802509	-45.417926	-45.70717	-42.129683	-51.928591	-46.615459	-46.550739	-46.697221	-46.271876	-46.546513	-48.244813	-44.800717	-46.505127	-46.075143	-46.60811	-47.161104	-45.932382	-46.470355	-46.140047	-45.889066	-44.871731	-46.548258	-46.619501	-44.721206	-45.929809
928	-53.312063	-44.659977	-44.267659	-44.985738	-45.640336	-45.496472	-41.598369	-49.989185	-47.047556	-46.667732	-46.818394	-46.627264	-46.797494	-49.275746	-44.973703	-46.576462	-46.123695	-46.72253	-47.101206	-46.565943	-46.396035	-46.196316	-46.428142	-45.298729	-46.670717	-46.794967	-44.997634	-46.351571
932	-53.116018	-45.035621	-44.561174	-45.5131	-46.17514	-45.715484	-41.495846	-48.600706	-47.869077	-47.121968	-47.301063	-47.383238	-47.532017	-50.266624	-45.502719	-47.069971	-46.554965	-47.251317	-47.319207	-47.521131	-46.735392	-46.590334	-47.308137	-46.243811	-47.059315	-47.318334	-45.735235	-47.092617
936	-51.322498	-45.679931	-45.07122	-46.142665	-46.852476	-46.071744	-41.674114	-47.810696	-48.696799	-47.764486	-47.920385	-48.257583	-48.264335	-51.007164	-46.374446	-47.597197	-47.264408	-47.737523	-47.874681	-48.637407	-47.172357	-47.214249	-48.276232	-47.437578	-47.675605	-48.073665	-46.896021	-47.985013
940	-49.706694	-46.627723	-45.767113	-46.994043	-47.487369	-46.461352	-42.169415	-47.39734	-49.60022	-48.505716	-48.741814	-49.146443	-49.10694	-51.391582	-47.604178	-48.194884	-48.039261	-48.416237	-48.454087	-49.791855	-47.899301	-48.1049	-49.380474	-48.761703	-48.388631	-48.96868	-48.325932	-48.933127
944	-48.526707	-47.57694	-46.544124	-47.791403	-48.061676	-46.868966	-42.782536	-47.227615	-50.310582	-49.328845	-49.494619	-49.964014	-49.802282	-51.355019	-48.863951	-48.854397	-48.810117	-48.968266	-49.156226	-50.684481	-48.618574	-48.841949	-50.250914	-50.084819	-49.072168	-49.776421	-49.794565	-49.869896
948	-47.673997	-48.571033	-47.178926	-48.512881	-48.532128	-47.381309	-43.376319	-47.106259	-50.651638	-49.945043	-50.081879	-50.45858	-50.235802	-51.034035	-50.062403	-49.427694	-49.363846	-49.385848	-49.594478	-51.128291	-49.24791	-49.418691	-50.945062	-51.299026	-49.549509	-50.458121	-51.170687	-50.626145
952	-46.788077	-49.445148	-47.744046	-49.171982	-48.949893	-47.871374	-43.982182	-46.999969	-50.73758	-50.35183	-50.621093	-50.834546	-50.530328	-50.546313	-51.269628	-49.759655	-49.86273	-49.60316	-49.943803	-51.092968	-49.689331	-49.847526	-51.439766	-52.164827	-49.991436	-51.023654	-52.334276	-51.122503
956	-46.019747	-50.178248	-48.190933	-49.543216	-49.117964	-48.252668	-44.58708	-46.922111	-50.499874	-50.703911	-50.963435	-51.101557	-50.592889	-49.880736	-52.266248	-50.121979	-50.242784	-49.711012	-50.049634	-50.731976	-50.007834	-50.243243	-51.795016	-52.634543	-50.348018	-51.453638	-52.984694	-51.462779
960	-45.259318	-50.87143	-48.659042	-49.819139	-49.248415	-48.736899	-45.406443	-46.825146	-50.274938	-51.011344	-51.428283	-51.210604	-50.775062	-49.19109	-52.883319	-50.324546	-50.484211	-49.934754	-50.180682	-50.151009	-50.278015	-50.515354	-52.021652	-52.553287	-50.554076	-51.60035	-52.924981	-51.740217
964	-44.783952	-51.325621	-49.149382	-50.19561	-49.544319	-49.536143	-46.546834	-47.028999	-50.087804	-51.432784	-51.779904	-51.314276	-50.948691	-48.512606	-53.180417	-50.594635	-50.857834	-50.161206	-50.319401	-49.522684	-50.579385	-50.85223	-52.130331	-51.859736	-50.927607	-51.602187	-52.301755	-51.847931
968	-44.545235	-51.512295	-49.715605	-50.422568	-49.896399	-50.728991	-48.549445	-47.609001	-49.996994	-51.928958	-52.037591	-51.39939	-51.224384	-48.041006	-52.707623	-51.000641	-51.134354	-50.492938	-50.514894	-49.071341	-51.00179	-51.231549	-52.137083	-50.901287	-51.229161	-51.278677	-51.071471	-51.817477
972	-44.719277	-51.221031	-50.326062	-50.700971	-50.444524	-52.244246	-51.646513	-48.766389	-50.188261	-52.503219	-52.28724	-51.679769	-51.603932	-47.925483	-51.735945	-51.558826	-51.37895	-51.177761	-50.913138	-49.049569	-51.620882	-51.719823	-51.98293	-50.013392	-51.681882	-50.85912	-49.844494	-51.698188
976	-45.564546	-50.65196	-50.743827	-50.955627	-51.02076	-53.622895	-56.268436	-51.00845	-50.887369	-52.989471	-52.349434	-51.821657	-52.28848	-48.234341	-50.620541	-52.121649	-51.688864	-51.926248	-51.196869	-49.364351	-52.108926	-52.137726	-51.539717	-49.230914	-51.994367	-50.298042	-48.938547	-51.469577
980	-47.005894	-50.007421	-50.530236	-50.934405	-51.468199	-53.663776	-56.293286	-54.732741	-51.84049	-53.029525	-52.254259	-52.028588	-52.720347	-49.063487	-49.92644	-52.552092	-51.920828	-52.895308	-51.403938	-50.265062	-52.42357	-52.259588	-50.862382	-48.863768	-51.961341	-49.817577	-48.455556	-50.941663
984	-49.259715	-49.564346	-49.818037	-50.704692	-51.391995	-52.416313	-51.745683	-61.643348	-52.987588	-52.6819	-51.941498	-52.083478	-53.059336	-50.132911	-49.57808	-52.713595	-52.063497	-53.435164	-51.358096	-51.498974	-52.498212	-52.064508	-50.159323	-48.919301	-51.752436	-49.417359	-48.387391	-50.381687
988	-52.748412	-49.321955	-49.159074	-50.471166	-51.010058	-50.907856	-48.780261	-66.057055	-53.956464	-52.213516	-51.78096	-52.041174	-53.07895	-51.303022	-49.587588	-52.542814	-51.975213	-53.203889	-51.182217	-52.850752	-52.23189	-51.719685	-49.623876	-49.368853	-51.360714	-49.225724	-48.71182	-49.868977
992	-58.636677	-49.509226	-48.926099	-50.472819	-50.752646	-49.923362	-47.110347	-58.311238	-54.677621	-52.191468	-51.971263	-52.478553	-53.096083	-52.959155	-50.192303	-52.592009	-52.21246	-53.033522	-51.19269	-54.006302	-52.052014	-51.593276	-49.467518	-50.214397	-51.152635	-49.267891	-49.485983	-49.712711
996	-70.896428	-50.167086	-49.162933	-50.867664	-50.809282	-49.554975	-46.42727	-54.923916	-55.096396	-52.535189	-52.474924	-53.073346	-53.373338	-54.756948	-51.369212	-52.911109	-52.790625	-53.080833	-51.705767	-54.932506	-52.248472	-51.888904	-49.824559	-51.587304	-51.387585	-49.857907	-50.755402	-50.044535
1000	-62.276083	-51.260212	-49.847296	-51.68698	-51.252036	-49.835492	-46.322679	-53.437461	-55.259552	-53.024702	-53.268012	-53.878653	-53.749901	-56.856937	-52.905275	-53.516972	-53.608885	-53.62046	-52.782265	-55.52785	-52.919744	-52.665135	-50.590179	-53.610309	-52.223851	-51.016121	-52.731325	-50.93955
1004	-57.269558	-52.612403	-50.857099	-52.667202	-51.933368	-50.409661	-46.662863	-52.816991	-55.498361	-53.933405	-54.211211	-54.884459	-54.555621	-58.719036	-55.075083	-54.446299	-54.53123	-54.39908	-54.268353	-56.001655	-53.798269	-53.761201	-51.761714	-55.769001	-53.311695	-52.535327	-55.188907	-52.068596
1008	-54.689747	-53.985816	-51.877834	-53.555235	-52.68383	-51.20307	-47.03644	-52.532157	-55.466804	-54.920195	-55.272643	-55.763214	-55.190928	-59.89149	-57.43106	-55.18909	-55.543008	-55.15363	-55.881033	-56.039687	-54.669812	-54.92387	-53.056718	-58.087221	-54.444324	-54.451811	-58.239215	-53.353862
1012	-52.814832	-55.162357	-52.69297	-54.06574	-53.143349	-51.840582	-47.411487	-52.250998	-55.066632	-55.370206	-55.819023	-56.242392	-55.368966	-59.579279	-59.110665	-55.803543	-55.926278	-55.520593	-57.221833	-55.487475	-55.236402	-55.677134	-54.25618	-58.931571	-55.205443	-56.285799	-60.324826	-54.473354
1016	-51.377985	-55.792152	-53.100171	-53.975848	-53.320101	-52.37681	-47.564905	-51.828731	-54.67808	-55.696931	-55.88581	-55.940839	-55.084638	-58.304762	-59.562789	-55.996602	-55.9119	-55.364556	-57.770095	-54.480887	-55.551184	-56.041249	-55.115275	-58.130857	-55.436534	-58.064162	-59.851481	-55.337869
1020	-50.157853	-55.594316	-53.202879	-53.64283	-53.129063	-52.721863	-47.655119	-51.302976	-53.795559	-55.328177	-55.348572	-55.29437	-54.274094	-56.624192	-58.295391	-55.574565	-55.284724	-54.939901	-57.432162	-53.375037	-55.294048	-55.484397	-55.549577	-56.227969	-55.153262	-59.46293	-57.873216	-55.839096
1024	-48.920771	-54.677069	-52.993008	-52.975783	-52.832517	-53.002792	-47.827094	-50.738269	-53.027504	-54.855108	-54.565405	-54.283281	-53.482063	-54.850882	-56.071382	-55.146464	-54.529026	-54.327423	-56.642473	-52.398261	-54.571284	-54.745786	-55.807126	-54.236888	-54.450295	-59.475975	-55.279763	-56.201328
1028	-48.066178	-53.586699	-52.785435	-52.413511	-52.408688	-53.473197	-48.111009	-50.247194	-52.254948	-54.123754	-53.69106	-53.372557	-52.75273	-53.274627	-54.16413	-54.415294	-53.751738	-53.783616	-55.313065	-51.626715	-53.929777	-53.949023	-56.075378	-52.544743	-53.810166	-58.352992	-53.301682	-56.38644
1032	-47.4345	-52.502989	-52.743773	-51.910814	-52.213562	-53.940066	-48.839882	-50.229372	-51.824505	-53.505535	-52.957502	-52.679558	-52.386364	-52.072684	-52.470836	-53.78945	-53.045602	-53.304621	-53.962987	-51.129255	-53.321387	-53.128007	-56.137296	-51.344959	-53.129615	-56.218277	-51.60724	-56.544267
1036	-47.217142	-51.515051	-52.632109	-51.629012	-52.107272	-54.353973	-50.020695	-50.460279	-51.720558	-52.803073	-52.322471	-52.091746	-52.170293	-51.100501	-51.172065	-53.241233	-52.48627	-52.857918	-52.661782	-51.002111	-52.855943	-52.518193	-55.693441	-50.398545	-52.682589	-53.958026	-50.433776	-56.029306
1040	-47.283425	-50.743368	-52.547591	-51.433152	-52.07025	-54.459207	-51.947286	-51.026364	-51.782706	-52.232487	-51.779398	-51.729607	-52.156834	-50.483338	-50.278888	-52.731463	-51.954635	-52.404784	-51.541003	-51.228839	-52.271714	-51.885183	-54.988361	-49.852487	-52.229317	-52.178745	-49.732784	-55.162725
1044	-47.555948	-50.042973	-52.24273	-51.196226	-51.816329	-53.783616	-54.797691	-51.791433	-51.904659	-51.622673	-51.298291	-51.343122	-52.211174	-49.892357	-49.455713	-52.073741	-51.499847	-51.843981	-50.371306	-51.505313	-51.590428	-51.283408	-53.70089	-49.473168	-51.69704	-50.452792	-49.225173	-53.519774
1048	-47.970315	-49.495537	-51.829558	-50.781538	-51.350563	-52.509099	-59.878766	-52.558018	-51.840031	-50.72403	-50.736018	-50.893708	-52.168915	-49.319658	-48.862849	-51.217677	-50.915021	-51.039823	-49.116861	-51.698877	-50.681357	-50.569417	-52.040485	-49.189896	-50.936564	-48.83584	-48.838458	-51.713116
1052	-48.821417	-49.142998	-51.361266	-50.365059	-50.768218	-50.881352	-72.456101	-53.2224	-51.551982	-49.84059	-50.120693	-50.393308	-51.572652	-48.763908	-48.333327	-50.158955	-50.085416	-50.007788	-47.866643	-51.513903	-49.673392	-49.672887	-50.205578	-49.020355	-50.022257	-47.4955	-48.558126	-49.679731
1056	-50.175859	-48.909104	-51.028936	-49.967504	-50.198275	-49.679547	-60.340306	-53.126629	-50.922876	-49.168766	-49.519836	-49.874627	-50.990077	-48.443706	-48.111928	-49.306337	-49.281303	-49.038958	-47.082006	-50.817275	-48.807958	-48.874195	-48.707915	-49.036661	-49.111717	-46.46691	-48.449769	-48.158366
1060	-51.951144	-49.248461	-51.082403	-49.913716	-49.913441	-48.994403	-55.137966	-52.598347	-50.374613	-48.938364	-49.255121	-49.652263	-50.360833	-48.344719	-48.311279	-48.705619	-48.879018	-48.516556	-46.725148	-50.188261	-48.328321	-48.446186	-47.734813	-49.383873	-48.586467	-46.061914	-48.733822	-47.288661
1064	-53.996059	-49.939852	-51.375918	-50.125011	-49.925108	-48.806351	-52.732703	-51.93764	-50.092627	-48.894359	-49.254157	-49.561728	-50.001633	-48.562444	-48.5957	-48.453443	-48.699831	-48.350093	-46.772414	-49.624014	-48.16397	-48.389734	-47.38163	-49.788731	-48.451147	-46.066048	-49.111074	-46.925556
1068	-55.685356	-50.78898	-51.940579	-50.415081	-50.208793	-48.931933	-51.481933	-51.361266	-49.868518	-49.03216	-49.472433	-49.675551	-49.871595	-48.831706	-49.172625	-48.47935	-48.69046	-48.367777	-47.088758	-49.380704	-48.31353	-48.455602	-47.349247	-50.266256	-48.555829	-46.369026	-49.602379	-46.939428
1072	-56.973562	-51.706135	-52.648461	-50.913	-50.625594	-49.198807	-50.684481	-51.080841	-49.842611	-49.405554	-49.717442	-49.891668	-49.84082	-49.283233	-49.727318	-48.65477	-48.911171	-48.558585	-47.594395	-49.280109	-48.623398	-48.827159	-47.413003	-50.617464	-48.84544	-46.817842	-50.142282	-47.059912
1076	-57.78507	-52.869906	-53.666026	-51.609628	-51.261636	-49.763651	-50.389404	-51.111341	-50.048761	-50.009304	-50.331849	-50.414805	-50.104984	-49.955929	-50.534554	-49.103173	-49.337848	-49.08728	-48.365573	-49.313319	-49.161371	-49.253054	-47.823465	-51.214232	-49.372344	-47.558796	-50.902252	-47.442492
1080	-58.064254	-54.509182	-55.217385	-52.752087	-52.408274	-50.762155	-50.420363	-51.443762	-50.631749	-50.955167	-51.20353	-51.156172	-50.701201	-50.927515	-51.635305	-50.063919	-50.133692	-50.070579	-49.504219	-49.855656	-50.070717	-50.166121	-48.464605	-51.943657	-50.359317	-48.662763	-51.982333	-48.200625
1084	-57.53363	-56.348774	-56.979993	-54.163349	-53.87778	-52.285678	-50.752784	-52.086372	-51.597731	-52.372125	-52.51236	-52.400971	-51.713989	-52.448374	-53.121117	-51.458093	-51.413676	-51.343489	-51.283546	-50.6532	-51.316343	-51.575683	-49.565402	-53.007661	-51.7551	-50.372225	-53.297594	-49.397286
1088	-56.420752	-57.917496	-59.023805	-55.82357	-55.775386	-54.434862	-51.231825	-53.076378	-53.039401	-54.29403	-54.279423	-53.922749	-53.014965	-54.397013	-54.778077	-53.30701	-53.063011	-53.241003	-53.806307	-52.023719	-53.24206	-53.405905	-51.206148	-54.135559	-53.591936	-52.919882	-54.648682	-51.071838
1092	-55.268372	-58.561622	-60.65959	-57.271717	-57.572765	-57.204654	-51.751103	-53.816137	-54.435367	-56.249098	-56.0915	-55.606351	-54.430912	-56.606967	-55.955032	-55.32317	-54.869163	-55.225745	-57.24999	-53.439758	-55.189825	-55.386237	-53.213535	-55.008112	-55.637493	-56.208907	-55.641673	-53.182852
1096	-54.193068	-57.864856	-61.024532	-58.192316	-58.856332	-60.224002	-52.276445	-54.522779	-55.690547	-57.603586	-57.271349	-56.875127	-55.798215	-58.155478	-56.257229	-57.162854	-56.313819	-56.897496	-61.305737	-55.03039	-56.937229	-56.896348	-55.351971	-55.439336	-57.356602	-61.152686	-55.817415	-55.622657
1100	-53.167739	-56.380882	-60.010825	-58.330622	-58.957293	-62.926869	-52.645797	-54.885929	-56.810131	-57.926499	-57.619433	-57.490911	-56.781284	-58.738742	-55.747458	-58.20063	-57.348334	-57.834035	-63.603378	-56.136469	-57.958698	-57.653516	-58.187264	-55.505481	-58.222862	-68.562224	-55.540895	-58.847374
1104	-52.010214	-54.836459	-58.335721	-57.211865	-57.920666	-61.272619	-53.016664	-54.90568	-57.117288	-56.968372	-56.954683	-56.871544	-57.213197	-57.585948	-54.793281	-57.586269	-57.010217	-57.523938	-59.813357	-57.175761	-57.485032	-57.091565	-61.541146	-55.009031	-57.636061	-62.275394	-54.776378	-62.947126
1108	-50.933395	-53.174675	-55.856918	-55.567537	-55.763489	-57.129231	-53.355929	-54.572111	-56.328104	-54.949685	-55.244348	-55.481365	-56.594565	-55.286975	-53.402322	-55.641352	-55.383389	-55.733265	-55.184359	-57.130884	-55.65063	-55.445445	-61.754232	-54.16537	-55.522017	-55.833492	-53.499471	-62.35936
1112	-49.932962	-51.528785	-53.34022	-53.329517	-53.221711	-53.335856	-53.852654	-53.377059	-54.245386	-52.658704	-52.953643	-53.234435	-54.713678	-52.646256	-51.970574	-53.129063	-52.957731	-53.265302	-51.468199	-55.125564	-53.066548	-53.163835	-56.747431	-52.682911	-52.796413	-51.384324	-52.090874	-56.278037
1116	-49.089669	-49.992722	-51.029717	-51.017958	-50.687007	-50.123357	-53.957796	-51.723727	-51.475089	-50.247653	-50.578604	-50.747823	-51.999971	-50.016056	-50.337499	-50.477413	-50.635056	-50.643187	-48.397864	-51.950042	-50.291841	-50.61875	-51.878431	-50.821501	-50.094603	-48.017259	-50.502676	-51.384095
1120	-48.536675	-48.661017	-49.171706	-49.001063	-48.567267	-47.688696	-53.210779	-49.830623	-48.884116	-48.221341	-48.411231	-48.505532	-49.264997	-47.767564	-48.935654	-48.245824	-48.449264	-48.399747	-46.000501	-49.039509	-47.981844	-48.381328	-48.37283	-48.88159	-47.75236	-45.556829	-48.869923	-47.886394
1124	-48.194608	-47.665132	-47.802106	-47.419663	-47.072957	-45.972941	-51.535813	-48.012252	-46.991563	-46.673519	-46.768556	-46.90383	-47.220863	-46.127186	-47.715797	-46.625151	-46.849996	-46.867864	-44.4835	-46.836767	-46.326216	-46.71982	-45.915524	-47.291784	-46.085111	-43.926005	-47.44557	-45.464365
1128	-48.108483	-46.978702	-46.947191	-46.455702	-46.031966	-44.944305	-49.809952	-46.616148	-45.617048	-45.807718	-45.670239	-45.744927	-45.781949	-45.011185	-46.785046	-45.477502	-45.781168	-45.666151	-43.655411	-45.290415	-45.296753	-45.517188	-44.222414	-46.052406	-45.00921	-43.025708	-46.320658	-43.984938
1132	-48.001595	-46.442887	-46.438845	-45.698902	-45.395235	-44.491493	-48.208985	-45.5758	-44.743898	-45.230334	-44.995521	-45.026481	-44.82226	-44.414049	-46.091955	-44.786386	-45.032865	-44.945362	-43.237048	-44.304314	-44.666729	-44.765532	-43.211601	-45.142049	-44.324341	-42.627694	-45.436345	-43.020012
1136	-47.828013	-45.97533	-46.184878	-45.316413	-45.076548	-44.213549	-46.960007	-44.923452	-44.297378	-44.841874	-44.650009	-44.62323	-44.221863	-43.997248	-45.469923	-44.330863	-44.559796	-44.456537	-43.198234	-43.67406	-44.333527	-44.247264	-42.596735	-44.491493	-43.919069	-42.570047	-44.8331	-42.491547
1140	-47.648458	-45.932795	-46.329753	-45.295559	-45.085643	-44.538621	-46.197694	-44.560255	-44.126275	-44.827726	-44.554146	-44.49627	-44.048785	-44.055859	-45.124595	-44.280842	-44.477024	-44.377807	-43.495103	-43.495194	-44.25815	-44.173771	-42.423519	-44.186632	-43.930782	-42.908807	-44.481985	-42.355262
1144	-47.63454	-46.100131	-46.815821	-45.635421	-45.581541	-45.246089	-46.097513	-44.745505	-44.492917	-45.157207	-44.93838	-44.823638	-44.347537	-44.44611	-45.166164	-44.723319	-44.819183	-44.690201	-44.268256	-43.84778	-44.690798	-44.461774	-42.847072	-44.332241	-44.368115	-43.802995	-44.60504	-42.784695
1148	-47.941101	-46.726894	-47.660171	-46.515737	-46.491898	-46.487994	-46.44477	-45.389999	-45.360004	-45.915754	-45.792284	-45.716127	-45.203646	-45.38784	-45.680023	-45.564867	-45.498402	-45.432717	-45.577315	-44.744173	-45.501158	-45.30865	-43.606446	-44.988034	-45.228588	-45.120001	-45.179393	-43.63203
1152	-48.424413	-47.601101	-48.871806	-47.68052	-47.723238	-48.083081	-47.17222	-46.414867	-46.468472	-46.963084	-46.899512	-46.824411	-46.313262	-46.59704	-46.533146	-46.64008	-46.578437	-46.532733	-47.153938	-45.982036	-46.599796	-46.373573	-44.874395	-45.947448	-46.337424	-46.65781	-46.010377	-44.957259
1156	-49.011536	-48.483668	-50.124413	-48.964132	-49.037902	-49.729477	-48.072425	-47.430733	-47.716716	-48.043579	-48.046748	-48.053408	-47.559531	-47.869307	-47.353335	-47.711295	-47.620301	-47.649377	-48.77383	-47.254946	-47.695219	-47.499128	-46.167745	-46.976405	-47.530134	-48.389596	-46.976497	-46.351387
1160	-49.522868	-49.320025	-51.104359	-50.12005	-50.246918	-51.319374	-48.820315	-48.417937	-48.966751	-49.020539	-49.042908	-49.009928	-48.822611	-49.029037	-48.141693	-48.665151	-48.588993	-48.657251	-50.279163	-48.428869	-48.732949	-48.488123	-47.491458	-47.946383	-48.644986	-50.151193	-47.881525	-47.811109
1164	-49.792314	-50.047521	-51.875446	-51.022919	-51.193654	-52.47644	-49.301606	-49.165964	-49.905724	-49.723643	-49.66765	-49.740225	-49.744773	-49.961349	-48.661017	-49.400409	-49.337526	-49.444138	-51.532322	-49.470136	-49.401603	-49.287964	-48.708145	-48.739655	-49.368807	-51.647983	-48.528545	-49.151541
1168	-49.701274	-50.446316	-52.044297	-51.532138	-51.753079	-52.914692	-49.565999	-49.66269	-50.581498	-50.038885	-50.104754	-50.247469	-50.555683	-50.585908	-49.018196	-49.794519	-49.779223	-49.945227	-52.097993	-50.228407	-49.799158	-49.75226	-49.989507	-49.413133	-49.89718	-52.850798	-49.195362	-50.5922
1172	-49.524522	-50.663122	-51.802273	-51.851101	-51.804203	-52.546994	-49.69443	-49.890198	-50.916491	-50.099472	-50.308561	-50.522014	-51.108264	-51.005924	-49.376937	-50.013208	-49.958501	-50.118947	-51.761668	-50.732941	-49.914451	-50.045362	-51.620147	-49.94982	-50.190971	-53.086437	-49.767051	-52.214986
1176	-49.31704	-50.803724	-50.937988	-51.447161	-51.363792	-51.334808	-49.744957	-50.089182	-50.972209	-50.02065	-50.17618	-50.464689	-51.363287	-51.074732	-49.608075	-49.977977	-49.89176	-50.119085	-50.465975	-50.836245	-49.807931	-50.107831	-53.451241	-50.487839	-50.145497	-51.579312	-50.241314	-53.759409
1180	-48.878053	-50.533268	-49.621441	-50.413381	-50.186791	-49.477486	-49.680512	-50.044994	-50.122209	-49.472525	-49.656213	-49.841555	-50.932752	-50.395881	-49.655386	-49.36651	-49.380474	-49.49664	-48.428961	-50.020741	-49.273035	-49.530998	-53.6827	-50.389588	-49.636278	-49.04741	-50.264373	-53.080879
1184	-48.386702	-49.671187	-48.067877	-48.77677	-48.668458	-47.627099	-49.337572	-49.249885	-48.597491	-48.54035	-48.613384	-48.699647	-49.262149	-48.762484	-49.127564	-48.240771	-48.26778	-48.351195	-46.399388	-48.420739	-48.231401	-48.425148	-50.7944	-49.264354	-48.374622	-46.499661	-49.281855	-49.852349
1188	-47.6028	-48.050009	-46.526807	-47.069145	-46.996018	-46.023881	-48.290839	-47.814278	-46.856013	-47.151595	-47.145762	-47.160277	-47.170061	-46.800204	-47.901001	-46.920596	-46.777191	-46.890647	-44.707656	-46.487259	-46.731304	-46.821609	-47.405103	-47.383146	-46.767683	-44.51942	-47.544832	-46.600439
1192	-46.440498	-46.09788	-45.073241	-45.421693	-45.463446	-44.664295	-46.928818	-46.126175	-45.194735	-45.736429	-45.641439	-45.606162	-45.208974	-45.008934	-46.242111	-45.516454	-45.202773	-45.377137	-43.306316	-44.732782	-45.144346	-45.180174	-44.641006	-45.349301	-45.091982	-42.935035	-45.47617	-44.027886
1196	-44.907007	-44.202892	-43.821414	-43.906391	-43.98209	-43.503554	-45.203417	-44.471925	-43.782738	-44.246989	-44.208129	-44.119385	-43.552703	-43.380269	-44.405413	-43.997432	-43.680123	-43.872033	-42.150628	-43.211279	-43.588715	-43.46768	-42.580934	-43.493403	-43.520825	-41.718761	-43.600015	-42.017972
1200	-43.378156	-42.651074	-42.746248	-42.696548	-42.813449	-42.578912	-43.768223	-43.024927	-42.654657	-42.966821	-42.90821	-42.811106	-42.292563	-42.073046	-42.852722	-42.760074	-42.348188	-42.570185	-41.379772	-41.939104	-42.262982	-42.218518	-41.055389	-42.05132	-42.258939	-40.853879	-42.08995	-40.601887
1204	-42.362566	-41.642557	-42.142865	-41.946086	-42.132622	-42.162479	-42.803895	-42.189947	-42.024127	-42.132714	-42.089353	-42.042638	-41.580272	-41.376602	-41.8663	-41.960417	-41.606683	-41.739523	-41.088645	-41.370263	-41.606132	-41.442241	-40.261152	-41.195716	-41.561623	-40.603403	-41.282944	-39.936081
1208	-41.924452	-41.246702	-42.066662	-41.7251	-41.866851	-42.115168	-42.335465	-41.876083	-41.899647	-41.81072	-41.900704	-41.802039	-41.435902	-41.278672	-41.38363	-41.671725	-41.393919	-41.542239	-41.283036	-41.252628	-41.358964	-41.229248	-40.067359	-40.978588	-41.320426	-40.861641	-40.991817	-39.837094
1212	-41.920639	-41.312847	-42.34828	-41.926105	-42.067672	-42.472347	-42.343779	-41.950312	-42.202166	-41.968226	-42.061104	-41.977045	-41.729969	-41.57972	-41.479264	-41.770436	-41.604524	-41.713571	-41.873603	-41.55386	-41.538794	-41.471731	-40.310577	-41.214778	-41.536543	-41.458731	-41.17353	-40.16901
1216	-42.160642	-41.685322	-42.768342	-42.348877	-42.469315	-42.958829	-42.540696	-42.339874	-42.596597	-42.26413	-42.39798	-42.370374	-42.212409	-42.023989	-41.780496	-42.098953	-41.994362	-42.10768	-42.558794	-41.962255	-41.906124	-41.836443	-40.777537	-41.598507	-41.91306	-42.240842	-41.507651	-40.781625
1220	-42.519842	-42.144473	-43.253676	-42.816986	-42.904306	-43.438513	-42.850563	-42.715978	-42.991901	-42.78543	-42.854789	-42.826127	-42.822314	-42.62356	-42.187145	-42.484243	-42.499218	-42.56426	-43.257948	-42.502892	-42.331239	-42.303036	-41.364062	-42.07199	-42.323246	-43.069069	-41.987748	-41.431585
1224	-42.929753	-42.674776	-43.888294	-43.381693	-43.411366	-44.040931	-43.29249	-43.170904	-43.589312	-43.294327	-43.35202	-43.37935	-43.545584	-43.290009	-42.702749	-42.977248	-43.040131	-43.099385	-44.035281	-43.07798	-42.889745	-42.874587	-42.124951	-42.704265	-42.850196	-43.993573	-42.570644	-42.304322
1228	-43.592665	-43.496848	-44.723549	-44.158567	-44.186264	-44.65543	-43.925821	-43.927199	-44.262652	-43.994492	-44.123657	-44.093387	-44.44657	-44.140561	-43.443336	-43.585362	-43.781728	-43.7956	-44.966721	-43.824216	-43.607915	-43.681776	-43.168469	-43.551325	-43.560145	-45.110355	-43.37834	-43.492163
1232	-44.459018	-44.612757	-45.779928	-45.273052	-45.147561	-45.534322	-44.816748	-44.815232	-45.133644	-44.919639	-44.952114	-45.031074	-45.534827	-45.290598	-44.476932	-44.494892	-44.720288	-44.792817	-45.926227	-44.810088	-44.568707	-44.729566	-44.674124	-44.610415	-44.543857	-46.302009	-44.586162	-45.163638
1236	-45.525502	-46.027556	-46.95872	-46.444081	-46.304397	-46.443208	-45.877353	-45.893108	-46.063706	-45.950204	-46.008953	-46.095538	-46.701722	-46.661806	-45.707491	-45.606437	-45.821544	-45.830225	-46.756659	-45.845292	-45.714886	-45.946529	-46.536178	-45.906245	-45.635421	-47.353014	-45.98617	-47.15651
1240	-46.676918	-47.434041	-48.086389	-47.633989	-47.393114	-47.173138	-46.859412	-46.890004	-46.911455	-47.026381	-46.955964	-47.122565	-47.698388	-47.844411	-47.057202	-46.768785	-46.962992	-46.927348	-47.282276	-46.87457	-46.777513	-47.060555	-48.465478	-47.152927	-46.824457	-47.915975	-47.323387	-49.072903
1244	-47.568304	-48.437229	-48.809612	-48.320741	-48.117164	-47.613549	-47.483006	-47.660952	-47.455354	-47.772754	-47.652684	-47.741428	-48.113857	-48.436999	-48.049458	-47.561231	-47.759434	-47.667613	-47.216362	-47.555673	-47.570785	-47.846294	-49.806324	-47.985656	-47.625629	-47.809915	-48.145	-50.263041
1248	-48.008439	-48.837034	-49.135097	-48.512881	-48.427491	-47.687134	-47.802565	-47.945235	-47.588331	-48.090569	-47.972979	-48.009588	-48.068566	-48.397313	-48.413435	-47.880836	-48.051525	-47.969166	-46.778983	-47.699031	-47.914689	-48.006602	-50.027999	-48.178302	-47.910601	-47.106626	-48.366905	-50.073427
1252	-47.982579	-48.387253	-48.749623	-48.113949	-48.062411	-47.413416	-47.62687	-47.648275	-47.249939	-47.750569	-47.726959	-47.647815	-47.381585	-47.594532	-48.145	-47.703716	-47.765543	-47.582636	-45.923471	-47.307172	-47.650066	-47.554386	-48.795419	-47.701466	-47.612998	-45.984057	-47.756127	-48.482841
1256	-47.298169	-47.136483	-47.641201	-46.983295	-47.058488	-46.628642	-46.926016	-46.696945	-46.41055	-46.794324	-46.860147	-46.76309	-46.21818	-46.138623	-46.996524	-46.830198	-46.783254	-46.635716	-44.775638	-46.283038	-46.608477	-46.462638	-46.533009	-46.423824	-46.553541	-44.565492	-46.447205	-46.123649
1260	-45.828434	-45.169609	-46.008218	-45.382328	-45.550307	-45.499091	-45.675659	-45.254678	-45.138467	-45.288026	-45.430925	-45.301439	-44.695805	-44.315108	-45.174708	-45.507956	-45.204932	-45.096943	-43.539107	-44.762592	-44.983487	-44.81142	-43.973363	-44.669531	-44.952941	-43.059653	-44.605086	-43.603368
1264	-43.992517	-43.081242	-44.079561	-43.571077	-43.696797	-44.021409	-44.04952	-43.497216	-43.499788	-43.493495	-43.671717	-43.583065	-43.125889	-42.358753	-43.068334	-43.583387	-43.270396	-43.153771	-42.206989	-43.000307	-42.996448	-42.911839	-41.583808	-42.673168	-42.992728	-41.594419	-42.629899	-41.33393
1268	-41.926289	-41.159107	-42.102949	-41.696162	-41.793219	-42.247272	-42.249339	-41.716097	-41.847054	-41.679121	-41.823627	-41.796986	-41.584543	-40.697843	-41.207705	-41.724135	-41.385192	-41.217075	-40.986259	-41.204397	-41.012671	-41.096178	-39.671917	-40.860952	-41.05447	-40.434597	-40.787183	-39.531039
1272	-40.203276	-39.603844	-40.457335	-40.089085	-40.138602	-40.671569	-40.584341	-40.27089	-40.395875	-40.198775	-40.338872	-40.28343	-40.294546	-39.391952	-39.693965	-40.09671	-39.839437	-39.655197	-39.977054	-39.701958	-39.497553	-39.560115	-38.319864	-39.447486	-39.524746	-39.570588	-39.334168	-38.338605
1276	-39.019385	-38.619718	-39.278496	-39.049242	-39.023382	-39.355114	-39.348821	-39.14506	-39.360304	-39.16697	-39.18516	-39.201925	-39.338761	-38.559131	-38.643144	-38.935373	-38.727156	-38.495192	-39.214006	-38.627389	-38.434514	-38.517148	-37.612028	-38.476773	-38.470801	-38.900831	-38.386513	-37.573811
1280	-38.259369	-38.042655	-38.644568	-38.343244	-38.24242	-38.526748	-38.539058	-38.467953	-38.567032	-38.429507	-38.413981	-38.498361	-38.692155	-38.165665	-37.989188	-38.181971	-37.968151	-37.802239	-38.662849	-37.925065	-37.79861	-37.827318	-37.247591	-37.877799	-37.691217	-38.499648	-37.792225	-37.292147
1284	-37.868429	-37.840134	-38.324181	-37.88299	-37.848723	-37.941555	-38.053036	-38.04215	-38.123727	-38.068194	-37.989326	-38.08179	-38.271358	-37.92286	-37.716756	-37.722728	-37.544919	-37.36982	-38.275492	-37.563798	-37.461917	-37.434495	-37.15848	-37.589015	-37.412263	-38.239802	-37.462836	-37.231377
1288	-37.789056	-37.879361	-38.33888	-37.911698	-37.813033	-37.829248	-37.961444	-37.979956	-37.990566	-37.997824	-37.908299	-38.030115	-38.231074	-38.028967	-37.732144	-37.709315	-37.471885	-37.396003	-38.219499	-37.580793	-37.467797	-37.442625	-37.430728	-37.594941	-37.431325	-38.265295	-37.516532	-37.52875
1292	-38.183671	-38.381828	-38.70791	-38.206178	-38.161026	-38.082893	-38.284679	-38.312055	-38.23677	-38.301444	-38.239618	-38.309299	-38.566067	-38.487659	-38.103838	-38.015003	-37.897229	-37.684603	-38.512739	-37.900261	-37.858875	-37.76269	-38.030758	-37.993001	-37.823506	-38.649345	-37.917348	-38.135211
1296	-38.855449	-39.074184	-39.409453	-38.925727	-38.839418	-38.658853	-38.826924	-38.862936	-38.91383	-38.95563	-38.868769	-38.914841	-39.187456	-39.152041	-38.788478	-38.636208	-38.530928	-38.311596	-39.021361	-38.49758	-38.485638	-38.381552	-38.888291	-38.592433	-38.494319	-39.195035	-38.611128	-39.005651
1300	-39.701912	-40.026662	-40.322887	-39.704897	-39.627316	-39.472979	-39.54312	-39.709261	-39.679312	-39.712293	-39.662684	-39.648537	-39.941639	-40.001306	-39.646975	-39.462736	-39.472979	-39.130866	-39.653727	-39.290485	-39.320434	-39.284514	-39.851793	-39.43196	-39.325303	-39.916605	-39.45557	-39.978845
