Freq  Med_P1P2  Med_P1P3  Med_P1P4  Med_P1P5  Med_P1P6  Med_P1P7  Med_P1P8  Med_P2P3  Med_P2P4  Med_P2P5  Med_P2P6  Med_P2P7  Med_P2P8  Med_P3P4  Med_P3P5  Med_P3P6  Med_P3P7  Med_P3P8  Med_P4P5  Med_P4P6  Med_P4P7  Med_P4P8  Med_P5P6  Med_P5P7  Med_P5P8  Med_P6P7  Med_P6P8  Med_P7P8
500	-47.403862	-55.200803	-58.263927	-60.700425	-57.876753	-62.353297	-42.62209	-47.593706	-54.825526	-60.722427	-60.765834	-60.317569	-62.530233	-47.345251	-58.842689	-55.586921	-57.987591	-56.481155	-48.590647	-54.612854	-57.839731	-58.751741	-50.614846	-54.502522	-56.687029	-48.777826	-54.098169	-49.063487
504	-46.63273	-55.286102	-61.461635	-65.309395	-60.585591	-58.692578	-42.640555	-47.086278	-56.803975	-67.205991	-65.682513	-63.434894	-58.78293	-46.544078	-59.485116	-56.960379	-61.431227	-58.598736	-48.300485	-56.805537	-61.850095	-63.447618	-49.668569	-56.206151	-60.413662	-48.300577	-55.46979	-48.215829
508	-45.78002	-55.588115	-68.33026	-70.9713	-65.669193	-56.178407	-42.525584	-46.629423	-59.599904	-82.589268	-72.599736	-66.683681	-55.659863	-45.716173	-60.249955	-59.06905	-66.694199	-61.675869	-47.93095	-60.378155	-73.281435	-71.823229	-48.480866	-58.230441	-68.548995	-47.829988	-57.565645	-47.411395
512	-44.973427	-56.029858	-73.156588	-64.59274	-73.016261	-54.187831	-42.08329	-46.082768	-64.495361	-64.576342	-64.727739	-65.640898	-53.24454	-44.93002	-61.099541	-62.22156	-67.377736	-64.795032	-47.657186	-66.620338	-70.0908	-66.269131	-47.220909	-61.210517	-73.216577	-47.450163	-60.213024	-46.714446
516	-44.374179	-56.507612	-62.787874	-59.714186	-64.72852	-52.911247	-41.64738	-45.847405	-74.62274	-58.944248	-59.814459	-62.24641	-51.606367	-44.377807	-62.3544	-66.523005	-62.289771	-65.172697	-47.590858	-88.344739	-61.685883	-61.073865	-46.178172	-65.042016	-62.509425	-47.226972	-63.354097	-46.021125
520	-43.90437	-57.588382	-58.139355	-56.670952	-59.606931	-52.005162	-41.073487	-45.700234	-67.812405	-56.234583	-56.918993	-59.282273	-50.713832	-43.921963	-64.389714	-71.004372	-59.288153	-63.526164	-47.649423	-66.090817	-57.910101	-58.476461	-45.223168	-66.603894	-58.227547	-47.26868	-66.891622	-45.56721
524	-43.542736	-58.6737	-55.774743	-54.906783	-56.885829	-51.456026	-40.347829	-45.623892	-62.474516	-54.389663	-55.269842	-57.350676	-50.063551	-43.628356	-67.156383	-68.163659	-57.207639	-61.803289	-47.909728	-60.304983	-55.64815	-56.674213	-44.399029	-63.587485	-55.630741	-47.360455	-64.929249	-45.346775
528	-43.414673	-61.186264	-53.927939	-53.993165	-54.864432	-51.617896	-39.526813	-45.752506	-58.536956	-53.355929	-54.153565	-56.075837	-49.847894	-43.533136	-68.017728	-63.094435	-55.816267	-59.670503	-48.397129	-56.622308	-54.066153	-55.521006	-43.73878	-59.727599	-54.035148	-47.70243	-61.32434	-45.325829
532	-43.235624	-64.412451	-52.77317	-53.451471	-53.087999	-52.229042	-38.552793	-46.138623	-54.697372	-52.571476	-53.242887	-54.689885	-49.679961	-43.430244	-63.140782	-59.256688	-54.74721	-57.152381	-49.16059	-53.756102	-52.773354	-54.753916	-43.126945	-56.351071	-52.823789	-48.348531	-56.855926	-45.461655
536	-43.576681	-62.138282	-51.63333	-53.228647	-51.707558	-53.267829	-37.709131	-46.838696	-52.117423	-51.893589	-52.386364	-53.205635	-50.04109	-43.716273	-58.365394	-56.597229	-53.965743	-54.596961	-50.284675	-51.609996	-51.995424	-53.994589	-42.927778	-53.350922	-51.854454	-49.645189	-53.471865	-45.95544
540	-44.295448	-57.106861	-50.89651	-52.944502	-50.650398	-55.101541	-37.245157	-47.812946	-50.201811	-51.558918	-51.709855	-51.761852	-50.895913	-44.295448	-55.300433	-55.015416	-53.400485	-52.377683	-51.511147	-50.192487	-51.366364	-53.27481	-43.269477	-51.154151	-51.036929	-51.466178	-51.219882	-47.01871
544	-45.219172	-54.250668	-50.670976	-53.209126	-50.250593	-56.889642	-37.130461	-48.629093	-49.339593	-51.502557	-51.451203	-50.933165	-52.407953	-45.295238	-53.540812	-53.918845	-52.862879	-50.915159	-51.947607	-49.48658	-51.230079	-52.608269	-44.159485	-49.890244	-50.695275	-53.391344	-49.894792	-48.658031
548	-46.216343	-52.822365	-51.317675	-53.807272	-50.843411	-59.846337	-37.318467	-48.786462	-49.435089	-52.407723	-52.268315	-51.015662	-55.068699	-46.241101	-52.485902	-53.446234	-52.656591	-50.369928	-51.156815	-49.60734	-51.800895	-52.683003	-45.37654	-49.708623	-51.254424	-54.056048	-49.646199	-50.05069
552	-47.00718	-52.295645	-52.859939	-55.24219	-51.892579	-63.604526	-37.832325	-48.304205	-50.088356	-53.959312	-53.630749	-51.808888	-59.585756	-47.261055	-50.92035	-53.599561	-53.298742	-50.568866	-49.850282	-50.582784	-53.112068	-53.27527	-46.934973	-50.238834	-52.708863	-52.706934	-50.305575	-50.958842
556	-47.245254	-52.186186	-55.337364	-56.777334	-53.908555	-62.983919	-38.517378	-47.391231	-51.205551	-56.108909	-55.656556	-53.062506	-70.584172	-47.708218	-51.623362	-54.902281	-54.290447	-51.569436	-48.636718	-52.126426	-55.074624	-54.249153	-48.809061	-51.681698	-55.071179	-51.070552	-51.72708	-50.867342
560	-47.15821	-52.341901	-58.252995	-57.690079	-56.634756	-59.431465	-39.36701	-46.732865	-53.115651	-58.530203	-58.100174	-55.096626	-67.614064	-47.677534	-52.649425	-56.771455	-55.318761	-53.139169	-47.776751	-54.459115	-57.242778	-55.530147	-50.207048	-53.686559	-57.936421	-49.497926	-53.669701	-49.949039
564	-46.89299	-52.898064	-61.791025	-58.145143	-60.050971	-57.29303	-40.384438	-46.239126	-55.535797	-59.851527	-59.589706	-57.062535	-59.993095	-47.296745	-53.995921	-58.470214	-56.042719	-55.448293	-47.351452	-56.98748	-58.455653	-56.327369	-50.846626	-56.08213	-60.394002	-48.632952	-56.36306	-48.808142
568	-46.331039	-53.885681	-64.304094	-58.405586	-63.945353	-56.130406	-41.254741	-45.973446	-58.995832	-60.081103	-59.48879	-59.617496	-56.815872	-46.785643	-55.664365	-59.337945	-56.584367	-57.853694	-47.1041	-59.193392	-58.610955	-56.573114	-50.303738	-58.805805	-60.204481	-47.95704	-58.696942	-47.955524
572	-45.804732	-55.390141	-63.602597	-58.813108	-66.300595	-55.313203	-41.963725	-45.799634	-63.406553	-59.49986	-59.126558	-62.053719	-54.748726	-46.26912	-57.656548	-58.986277	-56.718126	-59.986434	-46.999969	-60.466118	-57.726964	-56.533289	-49.239045	-60.390787	-58.521338	-47.527975	-60.678469	-47.231841
576	-45.199099	-57.378191	-60.527301	-59.117326	-62.662522	-54.972238	-42.271387	-45.606116	-66.990563	-58.540447	-58.709482	-63.449501	-53.542925	-45.705654	-59.305056	-57.85544	-56.790425	-61.243038	-46.95523	-59.577304	-56.817296	-56.474035	-48.054832	-60.423354	-57.095837	-47.247918	-60.722978	-46.619777
580	-44.67316	-59.74735	-58.51454	-59.068453	-59.717631	-54.486261	-42.344606	-45.47718	-65.781638	-57.636061	-58.356437	-63.476739	-52.81791	-45.185181	-60.866658	-56.487999	-56.706872	-60.711403	-46.937545	-58.158647	-56.236972	-56.58965	-46.959226	-59.855661	-56.152225	-47.123622	-60.186291	-46.214459
584	-44.2463	-62.705194	-57.030841	-59.19183	-57.773403	-54.769166	-41.947878	-45.475297	-62.307961	-57.348931	-58.375499	-62.002641	-52.619385	-44.646794	-62.19795	-55.559406	-57.516956	-60.339847	-47.136805	-57.668582	-56.169863	-57.469047	-46.052773	-59.475745	-55.959763	-47.234322	-59.424897	-45.937342
588	-44.121085	-69.907709	-56.724373	-59.860714	-57.071309	-55.803589	-41.357218	-45.602074	-59.913492	-57.830498	-59.258526	-60.73832	-52.923006	-44.413314	-62.464916	-54.910458	-58.814027	-59.137996	-47.642671	-57.194686	-56.874346	-58.601446	-45.325003	-58.834513	-56.338393	-47.741703	-58.681692	-45.852503
592	-44.122647	-71.982573	-56.972092	-61.128066	-56.518315	-57.847539	-40.595686	-46.063017	-58.452254	-59.122103	-61.116996	-59.054489	-53.751095	-44.384008	-61.60798	-55.252708	-60.733038	-57.668904	-48.54724	-57.136121	-58.47173	-60.919712	-44.868469	-58.095902	-57.266342	-48.515683	-57.592287	-46.028704
596	-44.422501	-62.034289	-58.020847	-61.987437	-56.581336	-61.639123	-39.71684	-46.644949	-56.890239	-60.830463	-63.200863	-57.571663	-55.196715	-44.43504	-59.081084	-55.37852	-62.77584	-56.575364	-49.711471	-57.223211	-59.994151	-62.783556	-44.601228	-57.391971	-58.258874	-49.610142	-56.219885	-46.57343
600	-44.773387	-56.983897	-58.425062	-59.240887	-56.626902	-67.679336	-38.814246	-47.255681	-55.531203	-61.165364	-62.369236	-56.501457	-57.613141	-44.737467	-57.294775	-56.32714	-61.086037	-55.192076	-50.835786	-57.637072	-61.402795	-60.431071	-44.439542	-56.057877	-58.20256	-51.013319	-54.821898	-47.222287
604	-45.119542	-53.756148	-58.289925	-56.994278	-56.704989	-65.386885	-37.940177	-47.472441	-54.365227	-59.798382	-59.383327	-55.182797	-61.949771	-45.075721	-55.725824	-57.262622	-58.347526	-54.659109	-51.605953	-57.88323	-60.324826	-57.584754	-44.464714	-55.288445	-57.923559	-52.454024	-53.969371	-48.070404
608	-45.459174	-51.585651	-57.275575	-54.601968	-56.9946	-58.927299	-37.236246	-46.983892	-53.869833	-57.836469	-56.493143	-54.660947	-74.471481	-45.487607	-54.710601	-58.728453	-55.707312	-54.607388	-50.956775	-58.039725	-57.659212	-54.950971	-44.858685	-54.983905	-57.719017	-52.904311	-53.83745	-49.089944
612	-45.681263	-50.249353	-55.966148	-53.076332	-57.097399	-55.158223	-36.807135	-46.039958	-53.746869	-55.714662	-53.967672	-54.40845	-63.13628	-45.895405	-54.438077	-59.510747	-53.589226	-55.282519	-49.294165	-57.836607	-55.661103	-53.377977	-45.636524	-54.931082	-56.438758	-51.309269	-53.921233	-49.806921
616	-45.482646	-49.769852	-54.645697	-52.553333	-57.092943	-52.885708	-36.765886	-44.855838	-54.055405	-54.439134	-52.753373	-55.005356	-56.73333	-46.047445	-54.646753	-58.389142	-52.488337	-56.173446	-47.430136	-56.687626	-53.753897	-52.385032	-46.974843	-54.901546	-54.760622	-49.291179	-54.557504	-49.503622
620	-44.976413	-50.124138	-53.793033	-52.559534	-55.918193	-51.51698	-37.154392	-43.898261	-54.901225	-53.842227	-52.315948	-55.845113	-53.489182	-45.925997	-55.264008	-56.071565	-51.827629	-56.643851	-45.993106	-54.784692	-52.40979	-52.057159	-48.427904	-55.007285	-53.532544	-47.614422	-55.266856	-48.462768
624	-44.349374	-51.211982	-53.62216	-53.181106	-55.078528	-51.027375	-37.824195	-43.325792	-56.490387	-53.836026	-52.598669	-56.431638	-51.728091	-45.295651	-56.276107	-54.624981	-51.860196	-56.127696	-45.228037	-53.360063	-51.72166	-52.132398	-49.361044	-55.003381	-53.055662	-46.543987	-56.204221	-47.082925
628	-43.757107	-53.071646	-53.813014	-54.564211	-54.58286	-51.275554	-38.817416	-43.040361	-57.643916	-54.112317	-53.329334	-56.4236	-50.880801	-44.653776	-56.775451	-53.633873	-52.621774	-55.196118	-44.945684	-52.555905	-51.684729	-53.024794	-49.128988	-54.620479	-52.827877	-45.880063	-55.881768	-46.076521
632	-43.476959	-56.005329	-54.611936	-56.551249	-54.39885	-52.184119	-39.904157	-43.202782	-57.865407	-54.966818	-54.485251	-55.964402	-50.788658	-44.305094	-57.410757	-53.181703	-53.755689	-54.20919	-45.12804	-52.460363	-52.165699	-54.156826	-48.440352	-54.20942	-52.766786	-45.789115	-54.770452	-45.445119
636	-43.447424	-59.922449	-55.867942	-58.675767	-54.586259	-53.557669	-40.945792	-43.778191	-57.670098	-55.812454	-55.860547	-55.808137	-51.289242	-44.192649	-57.442452	-53.253727	-55.08551	-53.834465	-45.799037	-52.843403	-53.333192	-55.617099	-47.685159	-53.772592	-53.117213	-46.189012	-54.010895	-45.262579
640	-43.705892	-65.550546	-57.156056	-59.493154	-54.988407	-55.783195	-41.799558	-44.695208	-56.954775	-56.446245	-57.614381	-55.423168	-52.271163	-44.375235	-57.135753	-54.105472	-56.238993	-53.609023	-47.002909	-53.554775	-54.670317	-57.376721	-47.167351	-53.857615	-53.768274	-46.876683	-53.607048	-45.467029
644	-44.099634	-62.491144	-57.811527	-58.345734	-55.296207	-57.609512	-42.218013	-45.881166	-55.969271	-56.484094	-57.783646	-54.857588	-53.348488	-44.673849	-56.260031	-55.076691	-56.537607	-53.419869	-48.354411	-54.089993	-55.948234	-57.343189	-46.794095	-53.563916	-54.342995	-47.860166	-53.222033	-45.727564
648	-44.532879	-58.194797	-57.16685	-56.656575	-55.187069	-58.290201	-42.202763	-47.078102	-54.896172	-55.65504	-56.622308	-54.02541	-54.431555	-44.894284	-55.151746	-55.901749	-55.476726	-52.9355	-49.888223	-54.385483	-56.104086	-55.821917	-46.485375	-53.04698	-54.332154	-48.826883	-52.693981	-46.125348
652	-45.122757	-55.490782	-56.328472	-54.927775	-55.185967	-58.197231	-41.914851	-48.419315	-53.940433	-54.961168	-55.194189	-53.773741	-55.474154	-45.268275	-54.376067	-56.626029	-54.415386	-52.865956	-51.655654	-54.286956	-55.611771	-54.240655	-46.317994	-52.866186	-54.266745	-50.042376	-52.660587	-46.596305
656	-45.736843	-53.67728	-55.502081	-53.794043	-55.127631	-57.459447	-41.272425	-49.901957	-53.615913	-54.68102	-54.406796	-53.729598	-56.72745	-45.828572	-53.99638	-57.175716	-53.476367	-53.026861	-54.15283	-54.398666	-54.888731	-53.193049	-46.329018	-52.87744	-54.143505	-51.709809	-52.588334	-47.296653
660	-46.717018	-52.321965	-54.572111	-52.997648	-55.162357	-56.351255	-40.613417	-51.881279	-53.464516	-54.18976	-53.683986	-54.080944	-58.075599	-46.663276	-53.660377	-57.565186	-52.93674	-53.558312	-58.14969	-54.373035	-54.166059	-52.372584	-46.441187	-53.217348	-54.110801	-54.151819	-53.013632	-48.378342
664	-47.999988	-51.516613	-53.997161	-52.5537	-55.036821	-54.922997	-39.941501	-53.741541	-53.318447	-53.715864	-53.103203	-54.451536	-58.281611	-47.860579	-53.736121	-58.020938	-52.466702	-54.100833	-66.750009	-54.218515	-53.295986	-51.871311	-46.82758	-53.47159	-53.779528	-58.387534	-53.388955	-50.09102
668	-49.40266	-50.883787	-53.203062	-52.341395	-54.486767	-53.698869	-39.358972	-53.481787	-53.25042	-53.285743	-52.642214	-54.621765	-56.918534	-49.515702	-53.870247	-57.986121	-52.121328	-54.480244	-63.116161	-53.607369	-52.391371	-51.554095	-47.418699	-53.66791	-53.15497	-69.898431	-53.93708	-52.835548
672	-50.398637	-50.677178	-52.392106	-52.180858	-53.682057	-52.485397	-38.881171	-50.858431	-53.167418	-52.808953	-52.328212	-54.587775	-54.791398	-51.441052	-54.260406	-58.16246	-51.943289	-54.260544	-54.949593	-52.600368	-51.548031	-51.397369	-48.308523	-53.606451	-52.202906	-62.301392	-53.936713	-56.91293
676	-49.574773	-50.569004	-51.534435	-52.04223	-52.645935	-51.396634	-38.480998	-47.710377	-52.717223	-51.907461	-51.958539	-53.904467	-52.318842	-52.252698	-54.234683	-57.79026	-51.719593	-53.324235	-50.211044	-51.161684	-50.797431	-51.341744	-49.680512	-52.670279	-51.015708	-53.883292	-52.991492	-58.429839
680	-47.085221	-50.451047	-50.500196	-51.583584	-51.224246	-50.12276	-38.245727	-44.914081	-51.694284	-50.818423	-51.534343	-52.421733	-49.97173	-50.427345	-53.199709	-56.737096	-51.020301	-51.515832	-46.823768	-49.426086	-49.671693	-50.854022	-51.441833	-50.693897	-49.49664	-49.148969	-50.974781	-52.449155
684	-44.24708	-50.084038	-49.123889	-50.554902	-49.494665	-48.818523	-38.308702	-42.636651	-50.259596	-49.574084	-50.642635	-50.563216	-48.08152	-47.047786	-51.579312	-54.934159	-49.900671	-49.290628	-44.241293	-47.707299	-48.317205	-49.739169	-52.636748	-48.471725	-47.954146	-45.925078	-48.831798	-47.973897
688	-41.97801	-49.32517	-47.892319	-49.285483	-47.992041	-47.680474	-38.693625	-41.020204	-48.918429	-48.391663	-49.679409	-48.833727	-46.594559	-44.124668	-50.024921	-53.199434	-48.60801	-47.435694	-42.639866	-46.347759	-47.253246	-48.406178	-51.90025	-46.88192	-46.849353	-43.776905	-47.123025	-45.035162
692	-40.477316	-48.569931	-47.113103	-48.062641	-46.861893	-46.810539	-39.647021	-39.988032	-47.796272	-47.636607	-48.467269	-47.346675	-45.648237	-42.093119	-48.802309	-52.03704	-47.607669	-46.237748	-41.713846	-45.815894	-46.61105	-47.479423	-49.742246	-45.909645	-46.408161	-42.55126	-46.147718	-43.226208
696	-39.617486	-48.241598	-46.949855	-47.416218	-46.380923	-46.55276	-41.18754	-39.627637	-47.079847	-47.236067	-47.707942	-46.333887	-45.179301	-40.88594	-48.24463	-51.725518	-47.033546	-45.609699	-41.547751	-45.949285	-46.625381	-46.909847	-47.750109	-45.65453	-46.519137	-42.083657	-45.797613	-42.211031
700	-39.323557	-48.15042	-47.168958	-47.223711	-46.50701	-46.754867	-43.014914	-39.791896	-46.698231	-47.189353	-47.200974	-45.923562	-45.196527	-40.336989	-48.205173	-52.296794	-46.80025	-45.497896	-41.900474	-46.539118	-47.070477	-46.789547	-46.40095	-46.024754	-47.097164	-42.259996	-45.943727	-41.860007
704	-39.515697	-48.353262	-47.871695	-47.542352	-47.062392	-47.36367	-44.465908	-40.524995	-46.930655	-47.695724	-47.331195	-46.17661	-45.861598	-40.363263	-48.577831	-53.426667	-46.967953	-45.980566	-42.849507	-47.474462	-47.883316	-47.194038	-45.760452	-46.878796	-48.199936	-42.974814	-46.682155	-42.110988
708	-40.210212	-48.846129	-48.933633	-48.246191	-48.151844	-48.422714	-44.880917	-41.913795	-47.721401	-48.568139	-47.8033	-47.069742	-47.169739	-40.911479	-49.421217	-55.123727	-47.634311	-47.041906	-44.466597	-48.982552	-49.148096	-48.070128	-45.572309	-48.423633	-49.621166	-44.408032	-48.123227	-42.927043
712	-41.143352	-48.984665	-49.47179	-48.650958	-49.006483	-49.094538	-44.513587	-43.62978	-48.427032	-49.182087	-48.330204	-48.001503	-48.729642	-41.803784	-50.328909	-57.402627	-48.440812	-48.319915	-46.651884	-50.623757	-50.208931	-48.971206	-45.727151	-49.951382	-50.572082	-46.207524	-49.576978	-43.938775
716	-42.433992	-49.207396	-49.924005	-49.042817	-49.837742	-49.874902	-43.723438	-45.835967	-49.137118	-49.820012	-48.924032	-48.982322	-50.19979	-42.851895	-51.314092	-60.203149	-49.216262	-49.614827	-49.328707	-51.656526	-50.679428	-49.608396	-46.288964	-51.085527	-50.937115	-48.272006	-50.478056	-45.190509
720	-43.926281	-49.452957	-50.205394	-49.643352	-50.569601	-50.503319	-42.848083	-48.733408	-50.015413	-50.155924	-49.541517	-49.901957	-51.650096	-44.230223	-52.337675	-62.501203	-49.897088	-50.857237	-52.762789	-51.938374	-50.692749	-50.075954	-47.105754	-51.550925	-50.621965	-50.506029	-51.175327	-46.562727
724	-45.717091	-49.593606	-50.254267	-50.125011	-50.961598	-50.752922	-41.913933	-52.876245	-50.571852	-50.312787	-50.071268	-50.88126	-52.28554	-45.859393	-53.14638	-63.980125	-50.377277	-51.589601	-57.443508	-51.731352	-50.507545	-50.471028	-48.028972	-51.827169	-50.263225	-53.242703	-51.352079	-48.39621
728	-48.010323	-49.641422	-50.079077	-50.299007	-50.71691	-50.490687	-41.076978	-59.123389	-50.674559	-50.203603	-50.321836	-51.312209	-52.051279	-47.843033	-53.449955	-63.869241	-50.525551	-51.598466	-62.63441	-50.863392	-50.122438	-50.594359	-49.081447	-51.239725	-49.716983	-56.162927	-51.181803	-50.732022
732	-50.998345	-49.637013	-49.772517	-50.327761	-50.403322	-50.165754	-40.444427	-59.856121	-50.463449	-49.775135	-50.302911	-51.234535	-51.085205	-50.519442	-53.682287	-62.851033	-50.409661	-51.244916	-58.077115	-49.881701	-49.786618	-50.559863	-50.478148	-50.387015	-49.147086	-57.405475	-50.431433	-53.830882
736	-54.456221	-49.583959	-49.500544	-50.222206	-49.936867	-49.809585	-39.88808	-53.446464	-50.106729	-49.527094	-50.203695	-50.775475	-50.023911	-54.662968	-53.655599	-61.732368	-50.267129	-50.509015	-53.244586	-49.002533	-49.469815	-50.330333	-52.49293	-49.450844	-48.607091	-55.053541	-49.591355	-58.374029
740	-54.232019	-49.857815	-49.280431	-50.20296	-49.542711	-49.581203	-39.478399	-49.075338	-49.57537	-49.28259	-50.130109	-50.115273	-49.101611	-62.364183	-53.09792	-60.94819	-50.078847	-49.763697	-49.859285	-48.327448	-49.1825	-49.921479	-55.548658	-48.418396	-48.209858	-51.847564	-48.664692	-60.20099
744	-49.982249	-49.823824	-49.08039	-49.853957	-49.041117	-49.072398	-39.330401	-46.050063	-49.188793	-49.16918	-49.828601	-49.363662	-48.068704	-57.146594	-52.107226	-60.505024	-49.628056	-48.913054	-47.360317	-47.690947	-48.828491	-49.386491	-60.097456	-47.610012	-47.948955	-49.106021	-47.676616	-54.481484
748	-46.323414	-49.495951	-48.630379	-49.280706	-48.420142	-48.66313	-39.354057	-43.760001	-48.509115	-48.876997	-49.243822	-48.462309	-47.277407	-50.554948	-51.012906	-60.019506	-48.95908	-47.985565	-45.399874	-47.242682	-48.427445	-48.576408	-59.173916	-46.895332	-47.692003	-46.86102	-46.918804	-50.156245
752	-43.490877	-48.648661	-48.195527	-48.411552	-47.781528	-48.021255	-39.657218	-41.944662	-47.783687	-48.47076	-48.366491	-47.555351	-46.575635	-46.532136	-49.74785	-59.793927	-48.028191	-47.144797	-43.923433	-46.9742	-47.952171	-47.713684	-53.829688	-46.110098	-47.551952	-45.064697	-46.162968	-47.017745
756	-41.404989	-47.753095	-47.590352	-47.370147	-47.107453	-47.372765	-40.201255	-40.69527	-47.136391	-47.923554	-47.393527	-46.744532	-45.972022	-43.74397	-48.602084	-58.98614	-47.033087	-46.355154	-42.769169	-46.766718	-47.228488	-46.729053	-49.81303	-45.703541	-47.15109	-43.611682	-45.610847	-44.637607
760	-40.012239	-47.010855	-47.261468	-46.582433	-46.718901	-46.835848	-41.378761	-39.889872	-46.826937	-47.514424	-46.670947	-46.17266	-45.796556	-41.828956	-47.869858	-58.265351	-46.085019	-45.872117	-42.159953	-46.768648	-46.506413	-46.00808	-47.08637	-45.515397	-46.875719	-42.70941	-45.334878	-42.987905
764	-39.167934	-46.492909	-47.119212	-46.108766	-46.577886	-46.594559	-43.148442	-39.756986	-46.784862	-47.026381	-46.165081	-45.948229	-46.191355	-40.743041	-47.57005	-57.921538	-45.502582	-45.635467	-42.068775	-46.839753	-45.897243	-45.457199	-45.289634	-45.691506	-46.450971	-42.369042	-45.633171	-42.05426
768	-38.952644	-46.330074	-47.151412	-46.158512	-46.763319	-46.562452	-45.425827	-40.381315	-47.226145	-46.823906	-46.00684	-46.253549	-46.855462	-40.318891	-47.866	-57.89701	-45.257526	-45.753241	-42.623606	-46.904749	-45.544795	-45.261201	-44.37009	-46.159753	-46.044827	-42.617221	-46.13527	-41.655281
772	-39.36577	-46.53209	-47.395548	-46.468931	-47.144476	-46.836445	-46.745956	-41.691844	-47.697102	-46.85266	-46.170731	-46.827305	-47.735778	-40.637394	-48.877088	-58.675675	-45.567072	-46.293695	-43.909056	-47.066389	-45.496243	-45.523987	-44.148599	-46.899971	-45.905556	-43.433506	-46.92597	-41.885867
776	-40.371025	-46.885411	-47.468399	-46.95794	-47.523795	-47.226926	-45.704827	-43.799137	-48.044038	-46.760058	-46.574165	-47.432341	-48.385829	-41.484776	-50.118075	-60.189552	-46.099947	-47.094224	-45.808775	-47.04875	-45.785027	-45.949699	-44.485062	-47.435235	-45.779285	-44.725616	-47.709871	-42.5638
780	-41.79005	-46.94416	-47.274927	-47.569223	-47.601193	-47.475565	-43.967299	-46.839661	-48.062825	-46.29714	-47.295	-47.809915	-48.358407	-42.97564	-50.749661	-60.676631	-46.659969	-47.246402	-48.412379	-46.341512	-46.117448	-46.094527	-45.263038	-47.699215	-45.882176	-46.394335	-48.17403	-43.577416
784	-43.787148	-47.39192	-47.254119	-47.578272	-47.576481	-47.431698	-42.599858	-51.405086	-47.467113	-46.679307	-47.192247	-47.902563	-48.501582	-44.315108	-51.775494	-62.456693	-47.036348	-47.654016	-50.568315	-46.422722	-46.381933	-46.885548	-46.404578	-47.604408	-46.138669	-48.153084	-48.014365	-44.992719
788	-46.364708	-47.775327	-47.201663	-47.80376	-47.599585	-47.609645	-41.563184	-59.829985	-47.211033	-46.843795	-47.458431	-47.945235	-48.211052	-46.466221	-51.791938	-61.857307	-47.573724	-47.698021	-52.338639	-46.273208	-46.961522	-47.361098	-48.017488	-47.502941	-46.567367	-49.888407	-47.70514	-46.718856
792	-50.147564	-48.085057	-47.369412	-48.05203	-47.554019	-47.820525	-40.960858	-62.96504	-47.130466	-47.150769	-47.808399	-47.987815	-48.027686	-49.213	-51.491717	-61.690293	-48.077753	-47.772663	-52.517275	-46.49199	-47.716578	-48.064938	-49.835078	-47.449428	-47.196243	-51.230631	-47.463897	-48.785681
796	-56.630347	-48.298785	-47.519615	-48.096494	-47.634816	-48.035173	-40.616173	-53.868593	-47.126975	-47.487461	-47.996818	-47.896959	-47.785478	-52.911568	-50.893524	-61.815094	-48.37871	-47.884832	-51.311565	-46.787251	-48.24881	-48.494784	-52.429036	-47.285859	-47.859431	-51.356948	-47.218153	-51.043865
800	-74.877625	-48.327769	-47.71768	-48.145321	-47.606843	-48.205035	-40.357934	-49.931355	-47.247596	-47.899669	-48.207148	-47.810925	-47.529628	-57.09694	-50.487334	-62.260328	-48.501306	-47.815565	-49.568526	-47.055962	-48.7832	-48.644435	-55.747918	-47.184667	-48.288037	-50.386235	-46.90066	-52.392841
804	-56.548677	-48.257353	-47.935681	-48.067923	-47.721493	-48.23186	-40.281685	-47.391736	-47.356643	-48.151614	-48.320741	-47.721217	-47.358021	-57.693662	-50.27898	-62.997101	-48.449172	-47.680612	-48.137099	-47.315762	-48.833038	-48.609617	-60.19139	-47.019582	-48.511503	-49.305051	-46.641366	-52.543365
808	-50.830366	-48.051893	-48.150098	-48.053454	-47.887129	-48.319915	-40.285176	-45.51457	-47.382733	-48.400115	-48.255562	-47.59049	-47.254532	-53.908326	-50.139066	-63.987888	-48.35781	-47.717818	-46.982055	-47.68323	-48.830052	-48.40356	-69.137725	-46.980814	-48.701622	-48.249728	-46.53751	-51.587396
812	-47.345159	-47.938437	-48.457807	-48.002836	-48.096632	-48.328045	-40.450399	-44.141158	-47.687686	-48.593724	-48.232779	-47.634127	-47.286502	-50.434832	-50.110679	-65.477788	-48.255057	-47.708907	-46.173946	-48.252622	-48.80015	-48.291941	-69.12491	-47.301982	-48.921782	-47.345205	-46.625013	-49.954965
816	-44.702603	-47.805229	-48.659547	-47.90711	-48.263968	-48.37012	-40.796048	-42.994106	-48.102833	-48.66584	-48.222811	-47.938115	-47.710469	-47.706978	-50.640109	-66.25976	-48.275451	-48.022311	-45.551501	-49.212403	-48.820177	-48.360152	-58.745999	-47.730542	-48.904832	-46.530023	-47.042687	-48.328275
820	-42.742803	-47.464173	-48.454959	-47.749742	-48.299291	-48.01781	-41.557213	-42.26537	-48.763954	-48.628312	-48.301679	-48.201131	-48.246926	-45.40998	-51.324748	-64.489803	-48.295524	-48.524089	-45.148939	-50.356791	-48.666345	-48.351379	-54.059952	-48.461068	-48.620504	-45.85209	-47.750477	-46.769612
824	-41.319231	-47.142317	-47.914689	-47.305289	-48.005362	-47.376348	-42.900355	-41.782838	-49.055265	-48.058094	-47.929388	-48.255516	-48.797991	-43.558812	-52.511717	-60.896607	-48.03182	-48.832533	-44.913346	-50.587194	-48.081979	-48.041925	-50.885486	-49.100877	-48.055659	-45.169793	-48.479947	-45.391606
828	-40.234098	-46.674622	-46.977829	-46.656845	-47.289396	-46.555929	-45.19795	-41.749123	-48.333144	-46.937315	-47.196702	-47.902287	-48.784211	-42.132393	-53.478526	-58.001417	-47.383192	-48.344719	-44.764062	-49.072536	-47.094546	-47.347134	-48.726105	-49.07373	-46.901625	-44.662871	-48.959677	-44.191501
832	-39.663603	-46.084881	-45.63905	-45.805146	-46.344957	-45.586594	-48.874746	-42.2063	-46.751928	-45.623295	-46.066691	-46.836905	-47.649974	-41.237883	-53.195667	-56.181071	-46.291674	-47.026381	-44.795251	-46.802363	-45.84373	-46.204262	-47.188388	-47.970682	-45.700371	-44.427507	-48.369201	-43.306959
836	-39.658137	-45.480763	-44.553641	-45.013895	-45.240898	-44.763511	-52.232533	-43.17049	-45.062722	-44.555019	-45.156978	-45.687556	-46.044689	-40.85149	-51.811736	-55.340533	-45.25748	-45.581495	-45.037918	-44.858961	-44.723136	-45.070944	-46.363606	-46.278858	-44.567421	-44.340234	-46.975716	-42.827275
840	-40.226519	-44.987988	-43.774149	-44.439358	-44.401279	-44.167937	-48.207423	-45.027353	-43.788434	-43.834368	-44.367059	-44.284838	-44.602928	-40.966324	-50.21132	-55.154732	-44.409364	-44.307483	-45.401114	-43.432679	-43.988061	-44.205694	-46.136327	-44.657037	-43.791879	-44.428196	-45.322109	-42.704127
844	-41.390612	-44.372479	-43.381555	-44.057099	-43.707178	-43.889029	-44.28447	-47.649377	-42.916065	-43.540255	-43.861836	-43.494505	-43.461801	-41.693452	-48.851228	-55.795	-43.864822	-43.525878	-45.831098	-42.611985	-43.566437	-43.727113	-46.580044	-43.567172	-43.619491	-44.57941	-44.008318	-42.945646
848	-43.284222	-43.955448	-43.168148	-43.797116	-43.378615	-43.680766	-41.83874	-49.861444	-42.564214	-43.398826	-43.485365	-43.032506	-42.745467	-42.699029	-47.939953	-56.804756	-43.680353	-43.226805	-45.942303	-42.356732	-43.450226	-43.561706	-47.634449	-42.907567	-43.497583	-44.805586	-43.177426	-43.499329
852	-45.719526	-43.595284	-43.264149	-43.708372	-43.269202	-43.693444	-40.472355	-49.725251	-42.554154	-43.597029	-43.399193	-42.870131	-42.543681	-44.118926	-47.396054	-57.245305	-43.751044	-43.303698	-45.860542	-42.552225	-43.675254	-43.643973	-49.298758	-42.732422	-43.728399	-45.124089	-42.913446	-44.31373
856	-48.396991	-43.520366	-43.594732	-43.829774	-43.361252	-43.826697	-39.735259	-47.884235	-42.814046	-43.802674	-43.453533	-43.003338	-42.618277	-45.484668	-47.136621	-57.119585	-43.992609	-43.510307	-45.804686	-43.029337	-44.005103	-43.902625	-51.620101	-42.989053	-44.151493	-45.437402	-43.035354	-45.28008
860	-50.683654	-43.593033	-44.017918	-44.028483	-43.609202	-44.019893	-39.439356	-46.266089	-43.227264	-43.990725	-43.54958	-43.205767	-42.841652	-46.637645	-47.158072	-56.567464	-44.272206	-43.934135	-45.434141	-43.674106	-44.38828	-44.212447	-54.358199	-43.363916	-44.619326	-45.584573	-43.33631	-46.015475
864	-50.937712	-43.685267	-44.300685	-44.1339	-43.810528	-44.096235	-39.36848	-45.001401	-43.616964	-44.150666	-43.655411	-43.393773	-43.073617	-47.179201	-47.180855	-55.78811	-44.462279	-44.208083	-45.093635	-44.214284	-44.522406	-44.337064	-57.167172	-43.715216	-44.866816	-45.550031	-43.569791	-46.364019
868	-49.526083	-43.654446	-44.489977	-44.161782	-43.930644	-44.154478	-39.27349	-44.122325	-43.993987	-44.221266	-43.762711	-43.673784	-43.425146	-47.395365	-47.324857	-55.170947	-44.604627	-44.482444	-44.849591	-44.747618	-44.677018	-44.510326	-60.163095	-44.109188	-45.0963	-45.367078	-43.906713	-46.416062
872	-47.918593	-43.800515	-44.630671	-44.242809	-44.150988	-44.171244	-39.367516	-43.454497	-44.465357	-44.381482	-43.94865	-44.036429	-43.927659	-47.375154	-47.594992	-54.550476	-44.79865	-44.873614	-44.661814	-45.250131	-44.854597	-44.778807	-61.307574	-44.534624	-45.212557	-45.30222	-44.313271	-46.358048
876	-46.301182	-44.000693	-44.848488	-44.45323	-44.488645	-44.325673	-39.51262	-42.872336	-44.989412	-44.525989	-44.199126	-44.410512	-44.384468	-46.957756	-48.110871	-54.400871	-45.057302	-45.295467	-44.592133	-45.921128	-45.117659	-45.01417	-61.275696	-45.106405	-45.352149	-45.205989	-44.785008	-46.234303
880	-44.888772	-44.381666	-45.170942	-44.832917	-44.975173	-44.618223	-39.82189	-42.48383	-45.679564	-44.845732	-44.603754	-45.076502	-45.014584	-46.459101	-48.956921	-54.782395	-45.428858	-45.872071	-44.619372	-46.608753	-45.454719	-45.457567	-60.303054	-45.971563	-45.653244	-45.272501	-45.538777	-46.153919
884	-43.80938	-45.046462	-45.73597	-45.430236	-45.712314	-45.118577	-40.492014	-42.422738	-46.645592	-45.391974	-45.39744	-46.078634	-45.968853	-46.05112	-50.364875	-55.593122	-46.156905	-46.822206	-45.07099	-47.645151	-46.219145	-46.193835	-59.578774	-47.305197	-46.232465	-45.665416	-46.812927	-46.38377
888	-43.136545	-46.192274	-46.491255	-46.370725	-46.690193	-45.921633	-41.725651	-42.723833	-47.790806	-46.310828	-46.486064	-47.360455	-47.300328	-45.696329	-52.52026	-56.864929	-47.304141	-48.06751	-45.87671	-48.761749	-47.300512	-47.329174	-58.504527	-49.013235	-47.125459	-46.434481	-48.516281	-46.8138
892	-42.636329	-47.532201	-47.219761	-47.395594	-47.549058	-46.789226	-43.487937	-43.197178	-48.653117	-47.20814	-47.541663	-48.380363	-48.487342	-45.241725	-54.506334	-58.332965	-48.485735	-49.241158	-46.848067	-49.25852	-48.40503	-48.532863	-57.346588	-50.571484	-48.023138	-47.236113	-50.459499	-47.175848
896	-42.293987	-48.703735	-47.653924	-48.05621	-47.907156	-47.462473	-46.071698	-43.99711	-48.511641	-47.894386	-48.224786	-48.771258	-48.940752	-44.720839	-54.965807	-59.540879	-49.516529	-49.848583	-47.886302	-48.928901	-49.232752	-49.481528	-56.284881	-50.988148	-48.752654	-47.977159	-51.600763	-47.391736
900	-42.203911	-49.135419	-47.54892	-48.15708	-47.579742	-47.817586	-50.203924	-45.069842	-47.552044	-48.020061	-48.136364	-48.097826	-48.414676	-44.187505	-53.050609	-60.400846	-49.759655	-49.414649	-48.702725	-47.929663	-49.34878	-49.604813	-55.386421	-49.824651	-49.082825	-48.318077	-50.676397	-47.373638
904	-42.36252	-48.540258	-47.135381	-47.507902	-46.796345	-47.724157	-57.264689	-46.673565	-46.26935	-47.382274	-47.384892	-46.808426	-47.14126	-43.940888	-50.514665	-60.105218	-49.249609	-48.32019	-49.157375	-46.830796	-48.864365	-49.116494	-54.555254	-48.003616	-48.77066	-48.337323	-48.580817	-47.194451
908	-43.059469	-47.01035	-46.30109	-46.304443	-45.712682	-46.998683	-52.96678	-48.885586	-44.937645	-46.15989	-46.129115	-45.439699	-45.580485	-43.855084	-48.544484	-58.503884	-48.133792	-47.147002	-48.836942	-45.941936	-47.940504	-48.037699	-54.327653	-46.336918	-48.008302	-47.878448	-46.548167	-46.862719
912	-44.243865	-45.452836	-45.472954	-45.104522	-44.853265	-46.111982	-47.009431	-50.718334	-44.051541	-44.977515	-44.921752	-44.308631	-44.435316	-44.180569	-47.262295	-57.137545	-47.104881	-46.124705	-48.042155	-45.447783	-46.978013	-46.88146	-54.640552	-45.178567	-47.157107	-47.239834	-45.122298	-46.613438
916	-46.118596	-44.312674	-44.806964	-44.244279	-44.369447	-45.23998	-43.810758	-50.074254	-43.640896	-44.205786	-44.128802	-43.731844	-43.865511	-44.711974	-46.666308	-55.98296	-46.25851	-45.598261	-47.017424	-45.413654	-46.210509	-45.991912	-55.278615	-44.693876	-46.406094	-46.695292	-44.46182	-46.419001
920	-48.050974	-43.567494	-44.28764	-43.67902	-44.125173	-44.579639	-41.964138	-48.04096	-43.503922	-43.622936	-43.695465	-43.449445	-43.569745	-45.259731	-46.61794	-55.307185	-45.719158	-45.331939	-46.097375	-45.694951	-45.672719	-45.477686	-56.46099	-44.602284	-45.967705	-46.394381	-44.284608	-46.315467
924	-49.672427	-43.175359	-44.071614	-43.488259	-44.114746	-44.126964	-40.895449	-46.375043	-43.726929	-43.514027	-43.503646	-43.401169	-43.720958	-45.894578	-47.061933	-54.692549	-45.484622	-45.424678	-45.650258	-46.074822	-45.456694	-45.264462	-57.697658	-44.98142	-45.855397	-46.201414	-44.617902	-46.457034
928	-50.087713	-43.245775	-43.999545	-43.614392	-44.177353	-43.929312	-40.350815	-45.197078	-44.118237	-43.62932	-43.647234	-43.671074	-44.014886	-46.350698	-47.864576	-54.37942	-45.528993	-45.709926	-45.564592	-46.629882	-45.507588	-45.415675	-59.188661	-45.646354	-46.011112	-46.376972	-45.281458	-46.64651
932	-49.522225	-43.556745	-44.242028	-44.02219	-44.648723	-43.985765	-40.293214	-44.381941	-44.721298	-43.9639	-44.07708	-44.178639	-44.538253	-46.676689	-49.195683	-54.098996	-45.839091	-46.359977	-45.796189	-47.341944	-45.877583	-45.80634	-60.705294	-46.611325	-46.534616	-46.837915	-46.306143	-47.21898
936	-48.327815	-44.179834	-44.584416	-44.620382	-45.146137	-44.358148	-40.575522	-43.946905	-45.251233	-44.560577	-44.639169	-44.912244	-45.258904	-46.696118	-50.404562	-53.740347	-46.385975	-47.032811	-46.402465	-48.042522	-46.410596	-46.356348	-62.065937	-47.8739	-47.044984	-47.431468	-47.623379	-47.722549
940	-47.356551	-45.011231	-45.190923	-45.371258	-45.799266	-44.79594	-41.039818	-43.865786	-45.943957	-45.251693	-45.436208	-45.645251	-45.950939	-46.814443	-51.871587	-54.030785	-47.19367	-47.828793	-47.040252	-48.54949	-47.1459	-47.230279	-63.761206	-49.154389	-47.877253	-48.339115	-49.049707	-48.533506
944	-46.517988	-46.063063	-45.782592	-46.175783	-46.417532	-45.376264	-41.741223	-44.039093	-46.558961	-45.958334	-46.228883	-46.385837	-46.664516	-46.996064	-52.856953	-54.502843	-47.94473	-48.464881	-47.842114	-48.95908	-47.846202	-48.021714	-65.720776	-50.254222	-48.580174	-49.092379	-50.402771	-49.119112
948	-45.874368	-47.040758	-46.406324	-46.957159	-46.915084	-45.950525	-42.461231	-44.227053	-46.969974	-46.68266	-46.917426	-47.067767	-47.187378	-46.941863	-53.51045	-55.338007	-48.601809	-48.950582	-48.43631	-48.987053	-48.480958	-48.735154	-67.483659	-50.980063	-49.175932	-49.796494	-51.369993	-49.67771
952	-45.243057	-47.862646	-46.992619	-47.591317	-47.247918	-46.492541	-43.159007	-44.339361	-47.281449	-47.216913	-47.465413	-47.558291	-47.558475	-46.8234	-53.72009	-56.464205	-49.118377	-49.270142	-49.040428	-48.986778	-48.997802	-49.275516	-70.099022	-51.262003	-49.64698	-50.28463	-51.749863	-50.116054
956	-44.586759	-48.486102	-47.364084	-47.958556	-47.469915	-46.970571	-43.90901	-44.465357	-47.351177	-47.682679	-47.896178	-47.851668	-47.826359	-46.512798	-53.579809	-57.971881	-49.610601	-49.455805	-49.320714	-48.788804	-49.417956	-49.682579	-73.503202	-51.102568	-50.02143	-50.555591	-51.444635	-50.359042
960	-44.034362	-48.945667	-47.644967	-48.18487	-47.611666	-47.40005	-44.7964	-44.746194	-47.345894	-48.157448	-48.266724	-48.090523	-48.065764	-46.087775	-53.132371	-60.299839	-49.948718	-49.541747	-49.640228	-48.514122	-49.716432	-49.964243	-76.583367	-50.607496	-50.340393	-50.501711	-50.692795	-50.456421
964	-43.603552	-49.328891	-48.187075	-48.417891	-47.838164	-48.181149	-46.138302	-45.259869	-47.436934	-48.666621	-48.679207	-48.314586	-48.301817	-45.837529	-52.711574	-64.623791	-50.220598	-49.677159	-49.827775	-48.383992	-50.090652	-50.310812	-71.680009	-49.817256	-50.615213	-50.196851	-49.752719	-50.395054
968	-43.510031	-49.377075	-48.731066	-48.738737	-48.292079	-49.218007	-48.465846	-46.228561	-47.656956	-49.274505	-49.144467	-48.667999	-48.711636	-45.843133	-52.262252	-71.3627	-50.56046	-49.958547	-50.088493	-48.483806	-50.538596	-50.731379	-66.181443	-49.251125	-50.924989	-49.859561	-48.907818	-50.369515
972	-43.906208	-49.126829	-49.32269	-48.959998	-48.78173	-50.525275	-52.683738	-48.125937	-48.123962	-49.903198	-49.507664	-49.061466	-49.353557	-46.081114	-52.165424	-66.691122	-50.927102	-50.535564	-50.47925	-49.167388	-51.144827	-51.173397	-62.491557	-48.963352	-51.368156	-49.470733	-48.290288	-50.280266
976	-44.981282	-48.68968	-49.849639	-49.161555	-49.278088	-51.474262	-60.825915	-51.246937	-48.988431	-50.13677	-49.648358	-49.287413	-50.12818	-46.808288	-52.480758	-60.477188	-51.269628	-51.149788	-50.833627	-50.309066	-51.736772	-51.578715	-59.712762	-49.019253	-51.788401	-49.267432	-48.143071	-50.247332
980	-46.65781	-48.19029	-49.916105	-49.230914	-49.598796	-51.389423	-56.485243	-56.138215	-49.937923	-49.95988	-49.500682	-49.523235	-50.554443	-47.952814	-53.323087	-57.537442	-51.397507	-51.719593	-50.99343	-51.999558	-52.100198	-51.638566	-57.645294	-49.539312	-51.9138	-49.21075	-48.476043	-50.196253
984	-49.486075	-47.892228	-49.5931	-49.170236	-49.564897	-50.264281	-50.44434	-58.448396	-50.469053	-49.400363	-49.096191	-49.501922	-50.57424	-49.380061	-54.877707	-55.480952	-51.413768	-52.000936	-51.238853	-53.6748	-51.830155	-51.485608	-56.12471	-50.371122	-51.761117	-49.360677	-49.2435	-49.984546
988	-53.820868	-47.749788	-49.193111	-49.185486	-49.372573	-49.203354	-47.415346	-53.8544	-50.667302	-48.865743	-48.774289	-49.334173	-50.117891	-50.686686	-57.096296	-54.394257	-51.303343	-51.933092	-51.350931	-54.348645	-51.466361	-51.24735	-54.881795	-51.359979	-51.279182	-49.651574	-50.285594	-49.909399
992	-60.787285	-48.089558	-48.945116	-49.211852	-49.196189	-48.344857	-45.720077	-50.787877	-50.423533	-48.741125	-48.662808	-49.292236	-49.716432	-51.873838	-60.281741	-53.923805	-51.545643	-51.954267	-51.748807	-53.846453	-51.248269	-51.224935	-53.987883	-52.390039	-51.137294	-50.273054	-51.641965	-50.123265
996	-59.967418	-48.633227	-48.912182	-49.441841	-49.195454	-47.964619	-44.829288	-49.220855	-50.232587	-48.887332	-48.841811	-49.352684	-49.544411	-52.571338	-64.851438	-53.802265	-52.051922	-52.065748	-52.400512	-53.258458	-51.477018	-51.415237	-53.402506	-53.48955	-51.162144	-51.237842	-53.233103	-50.673365
1000	-55.566113	-49.62677	-49.409182	-49.808942	-49.58497	-48.310866	-44.795389	-48.468326	-50.17912	-49.296507	-49.411203	-49.844357	-49.691674	-52.939036	-69.38912	-53.774475	-52.819839	-52.595362	-53.366126	-52.84253	-52.272495	-52.169879	-52.679328	-54.660809	-51.926799	-52.771655	-55.158636	-51.734521
1004	-52.861592	-50.89109	-50.111965	-50.510531	-50.192763	-48.839377	-45.18146	-48.300025	-50.409982	-49.936867	-50.116008	-50.482971	-50.065848	-53.146702	-66.217547	-53.729552	-53.75229	-53.516329	-54.660304	-52.894481	-53.228877	-53.358823	-52.182052	-55.812316	-53.038896	-54.787677	-57.12822	-53.244586
1008	-51.09995	-52.055092	-50.921085	-51.118185	-50.797615	-49.566459	-45.568313	-48.283995	-50.55403	-50.648837	-50.866929	-51.030452	-50.393951	-52.967469	-62.059231	-53.636491	-54.62149	-54.298761	-56.062562	-53.005548	-54.116359	-54.494989	-51.917612	-56.361773	-54.16514	-57.089177	-58.110141	-55.004943
1012	-49.828464	-52.816532	-51.348404	-51.33715	-51.109688	-50.083624	-45.969772	-48.381052	-50.476402	-51.049698	-51.236878	-51.229804	-50.523622	-52.409009	-59.337991	-53.8849	-55.018815	-54.643308	-56.456396	-52.945237	-54.675645	-55.043114	-52.035248	-55.9729	-54.883862	-59.116958	-57.394773	-56.419696
1016	-48.772681	-53.022589	-51.501822	-51.463192	-51.245421	-50.565972	-46.306878	-48.299796	-50.184954	-51.21336	-51.242527	-51.169172	-50.458396	-51.698188	-57.752319	-54.386402	-55.074991	-54.519425	-56.208677	-52.708129	-54.643262	-55.024832	-52.273597	-54.926213	-55.129193	-59.717999	-55.880436	-57.27778
1020	-47.814921	-52.678272	-51.609307	-51.248177	-51.121538	-50.997794	-46.580274	-48.117348	-49.877842	-51.102017	-51.022276	-50.823568	-50.241176	-50.81677	-56.343722	-55.029609	-54.622822	-54.069139	-55.185737	-52.225826	-54.235281	-54.486124	-52.874224	-53.693908	-54.748634	-58.358825	-54.144378	-57.238507
1024	-47.043192	-51.930795	-51.468474	-51.01534	-50.976848	-51.343122	-46.897629	-47.995624	-49.567377	-50.90735	-50.710939	-50.382744	-49.976416	-50.059785	-55.533087	-56.255851	-53.923024	-53.615499	-53.964319	-51.981965	-53.828769	-53.715129	-53.700936	-52.446032	-54.243503	-56.465813	-52.60464	-56.761395
1028	-46.395897	-51.122227	-51.284878	-50.762017	-50.949793	-51.946459	-47.468858	-48.07835	-49.439636	-50.661836	-50.427713	-50.159828	-49.932733	-49.432746	-54.971687	-57.917404	-53.255197	-53.122403	-52.707164	-51.753492	-53.236043	-53.082854	-54.903062	-51.520425	-53.650042	-54.287691	-51.516842	-55.797847
1032	-46.180652	-50.390828	-51.272798	-50.611079	-50.999952	-52.631971	-48.533138	-48.574754	-49.693143	-50.632025	-50.31444	-50.101493	-50.199653	-49.000558	-54.540279	-60.072008	-52.738445	-52.85608	-51.639485	-51.879212	-52.702479	-52.493389	-56.327185	-50.822787	-53.168107	-52.549428	-50.694724	-54.663657
1036	-46.319647	-49.98698	-51.24193	-50.718839	-51.194068	-53.11611	-50.172644	-49.392646	-50.121106	-50.622608	-50.308974	-50.165708	-50.786407	-48.8041	-54.432887	-62.697799	-52.297207	-52.592146	-50.655129	-52.368083	-52.473868	-52.158901	-58.534935	-50.580533	-52.793611	-51.196364	-50.315818	-53.327083
1040	-46.648256	-49.627091	-51.161179	-50.775797	-51.238761	-53.375451	-52.700825	-50.581314	-50.803862	-50.457064	-50.343241	-50.336489	-51.395899	-48.8538	-54.34745	-64.634081	-51.936905	-52.412454	-49.994835	-52.911476	-51.974938	-51.811322	-61.230819	-50.511771	-52.446537	-49.975359	-50.301303	-52.026475
1044	-47.300558	-49.40831	-50.903905	-50.639512	-51.337702	-52.75815	-56.752254	-52.041082	-51.328928	-50.21403	-50.335019	-50.481409	-51.846232	-48.889353	-54.293754	-63.384183	-51.580782	-52.043884	-49.367429	-53.373384	-51.461309	-51.38584	-63.284967	-50.67116	-51.877145	-48.95196	-50.45417	-50.723249
1048	-48.186478	-49.251722	-50.522473	-50.531568	-51.032106	-51.685097	-64.904675	-53.472371	-51.619917	-49.835583	-50.1737	-50.352106	-51.945035	-48.892384	-54.171709	-59.723143	-50.942857	-51.366732	-48.636902	-53.044454	-50.729771	-50.705564	-60.168744	-50.877356	-51.119104	-47.994292	-50.656737	-49.342946
1052	-49.503714	-49.275286	-50.16015	-50.312419	-50.636159	-50.491836	-66.245934	-54.551625	-51.502741	-49.393243	-49.89176	-50.119866	-51.621157	-48.888939	-54.018337	-56.029215	-50.240717	-50.451874	-48.050974	-51.95514	-49.834986	-50.003103	-55.280728	-50.89132	-50.187021	-47.114665	-50.680439	-48.12433
1056	-51.41216	-49.537061	-49.90577	-50.20985	-50.492571	-49.539037	-57.182651	-54.459574	-51.271098	-49.302111	-49.816934	-50.099655	-51.092141	-48.990866	-53.841998	-52.756037	-49.630582	-49.582857	-47.650204	-50.733814	-49.110706	-49.379601	-51.559698	-50.865229	-49.318877	-46.717569	-50.635883	-47.172357
1060	-54.170331	-50.347007	-49.979998	-50.361568	-50.348799	-49.010985	-53.380641	-53.853206	-51.088237	-49.546891	-50.197861	-50.324362	-50.797661	-49.506148	-53.812095	-50.327072	-49.367199	-49.109236	-47.948312	-49.74808	-48.848656	-49.026005	-49.029634	-50.787005	-48.856648	-46.704846	-50.477183	-46.810585
1064	-57.136121	-51.260304	-50.383984	-50.682552	-50.615856	-49.165689	-51.621295	-53.533049	-51.301965	-50.168372	-50.848877	-50.900093	-50.870144	-50.36336	-53.797488	-48.622938	-49.282498	-48.97975	-48.472506	-49.258842	-48.850355	-48.999777	-47.31273	-50.599917	-48.694043	-47.120774	-50.307367	-46.817291
1068	-60.353351	-52.451452	-51.099812	-51.278218	-51.145011	-49.548131	-50.818791	-53.366632	-51.682571	-51.125443	-51.669388	-51.643619	-51.313633	-51.338069	-53.723857	-47.388337	-49.320531	-49.024535	-49.054805	-49.060042	-49.047226	-49.151174	-46.168847	-50.532625	-48.818385	-47.712903	-50.157577	-47.091974
1072	-62.229001	-53.871211	-52.041725	-52.173692	-51.984216	-50.228085	-50.468961	-53.429882	-52.261379	-52.267167	-52.852681	-52.692741	-52.054816	-52.433262	-53.682241	-46.439488	-49.662644	-49.371517	-49.855197	-49.13009	-49.480747	-49.504678	-45.383522	-50.624354	-49.134316	-48.522206	-50.295194	-47.590858
1076	-61.380746	-55.517883	-53.299706	-53.223595	-53.074586	-51.132057	-50.411498	-53.692622	-53.127594	-53.762073	-54.217688	-53.973322	-53.001552	-54.030739	-53.839655	-45.99825	-50.195702	-50.09203	-51.116807	-49.451303	-50.157853	-50.227075	-45.006775	-50.84929	-49.773206	-49.702973	-50.709147	-48.365481
1080	-59.258296	-57.553978	-54.744454	-54.655251	-54.50243	-52.427658	-50.528031	-54.190358	-54.142587	-55.46561	-55.747458	-55.478058	-54.104324	-56.009831	-54.281352	-45.916305	-51.138718	-51.104359	-52.70427	-50.135575	-51.18975	-51.325024	-45.129969	-51.351068	-50.866791	-51.448401	-51.350104	-49.654054
1084	-57.078107	-59.149847	-56.614454	-56.30578	-56.314324	-54.331649	-50.886359	-54.799987	-55.529687	-57.928199	-57.644881	-57.199188	-55.521328	-58.594373	-55.354956	-46.435859	-52.568537	-52.615527	-55.156248	-51.47146	-52.729166	-52.894665	-45.718515	-52.213424	-52.331979	-53.939331	-52.219901	-51.340779
1088	-55.534602	-59.796453	-58.783113	-58.186437	-58.378393	-57.02216	-51.44785	-55.639193	-57.051695	-60.384173	-59.568531	-59.035748	-57.286094	-61.19444	-56.936769	-47.450806	-54.533114	-54.668526	-58.501311	-53.200077	-54.795486	-54.966083	-46.784954	-53.402322	-54.365456	-57.573132	-53.483762	-53.860509
1092	-54.605964	-58.982511	-60.259739	-59.448553	-59.960068	-60.483756	-52.195005	-56.137756	-58.706496	-61.518317	-60.664918	-60.080093	-58.946958	-62.195791	-58.998404	-48.746913	-56.605634	-56.830387	-62.114672	-55.455229	-57.116048	-57.190644	-48.046656	-54.64464	-56.505545	-62.941843	-54.607985	-57.203965
1096	-53.709801	-57.772668	-60.165575	-59.609136	-60.359185	-64.056558	-52.812306	-56.405227	-59.704678	-60.893759	-60.285461	-60.160844	-60.147385	-60.988704	-60.722795	-50.28959	-58.486842	-58.463875	-62.034518	-57.879325	-59.079431	-59.018431	-49.40413	-55.748561	-58.417023	-65.065396	-55.461568	-62.097447
1100	-52.918918	-56.449093	-59.032303	-58.93474	-59.313186	-64.008787	-53.416515	-56.523551	-60.008069	-59.013975	-58.924772	-59.108736	-60.552152	-58.966848	-61.509039	-51.932403	-59.05256	-59.27226	-58.942135	-60.138199	-59.675235	-59.367112	-51.085481	-56.455937	-59.167807	-60.143481	-55.97166	-67.419857
1104	-52.14016	-54.932414	-57.055921	-57.354719	-57.569596	-60.30976	-53.960047	-56.458418	-58.974335	-56.85317	-57.173281	-57.418888	-59.420763	-56.821201	-61.324845	-53.663133	-58.071557	-58.306875	-55.665697	-60.648153	-58.553078	-58.036188	-52.946386	-56.664705	-58.02567	-55.725778	-56.243954	-61.600952
1108	-51.354605	-53.633735	-55.067642	-55.513519	-55.45895	-56.361865	-54.635821	-55.709655	-56.913114	-54.730995	-55.00949	-55.310309	-57.160557	-54.537615	-60.176599	-55.713422	-55.924165	-56.007488	-52.718372	-58.255475	-56.01888	-55.831103	-55.983051	-56.135137	-55.505343	-52.372446	-55.566664	-55.793897
1112	-50.60745	-52.155227	-52.972063	-53.369388	-53.213535	-52.990712	-55.376913	-54.541014	-54.29109	-52.502989	-52.832517	-53.107015	-54.297199	-52.268958	-58.524691	-56.89644	-53.373246	-53.342333	-50.313705	-54.583319	-53.253957	-53.258963	-61.907145	-54.261095	-52.699401	-49.515335	-54.113695	-51.649866
1116	-50.002735	-50.857145	-50.799682	-51.251163	-50.896924	-50.160058	-55.832068	-52.713916	-51.520976	-50.485497	-50.630877	-50.859671	-51.454051	-50.045454	-56.199444	-55.687883	-50.856364	-50.699961	-48.151109	-50.982038	-50.538458	-50.724902	-66.810136	-51.703424	-50.007053	-47.091285	-51.727494	-48.374989
1120	-49.480012	-49.612806	-48.884162	-49.370185	-48.973641	-47.856537	-54.674727	-50.568131	-49.073868	-48.649901	-48.734694	-48.76129	-48.889123	-48.178072	-53.766116	-52.673449	-48.579623	-48.397083	-46.413444	-48.155289	-48.165302	-48.451606	-55.307323	-49.073684	-47.711479	-45.255827	-49.246532	-45.881166
1124	-49.17731	-48.507232	-47.471431	-47.863978	-47.49651	-46.321531	-52.460363	-48.827021	-47.30019	-47.324765	-47.322514	-47.321274	-47.025967	-46.770255	-51.516062	-49.989231	-46.928496	-46.771174	-45.339288	-46.180469	-46.620007	-46.800525	-50.238972	-46.999969	-46.058607	-44.138034	-47.214892	-44.226456
1128	-49.0927	-47.727142	-46.738194	-46.941587	-46.596167	-45.401895	-50.485956	-47.517272	-46.148729	-46.608064	-46.517345	-46.466405	-45.872117	-45.945519	-49.79089	-47.945465	-45.876159	-45.766608	-44.780874	-44.963046	-45.534827	-45.72513	-47.21186	-45.606208	-45.056246	-43.606905	-45.799909	-43.278204
1132	-49.061649	-47.181544	-46.234395	-46.440085	-46.152633	-44.981236	-49.003635	-46.623589	-45.526835	-46.235359	-45.993887	-45.934495	-45.163546	-45.619115	-48.58881	-46.668512	-45.25794	-45.14283	-44.734986	-44.256083	-44.881468	-45.018534	-45.240071	-44.669945	-44.440277	-43.615127	-44.859696	-42.867375
1136	-49.039142	-46.989588	-46.115932	-46.30697	-46.025076	-45.057256	-48.054327	-46.145605	-45.267218	-46.128931	-45.909736	-45.757237	-44.941458	-45.498815	-47.693014	-45.781857	-44.931903	-44.845732	-45.046416	-44.012314	-44.629247	-44.743117	-44.031974	-44.113919	-44.215432	-43.953841	-44.331828	-42.822498
1140	-49.156364	-47.061474	-46.426397	-46.525613	-46.278812	-45.59376	-47.468123	-46.077669	-45.494084	-46.431174	-46.163014	-45.968945	-45.141866	-45.840147	-47.178788	-45.349899	-44.998691	-44.911785	-45.61691	-44.188331	-44.869755	-44.760755	-43.4155	-44.022741	-44.366875	-44.77403	-44.233025	-43.190609
1144	-49.305556	-47.462887	-47.142592	-47.1346	-46.983065	-46.506046	-47.397202	-46.455794	-46.102152	-46.977324	-46.766535	-46.650001	-45.862241	-46.537877	-47.116916	-45.40038	-45.455224	-45.382006	-46.621844	-44.832044	-45.349439	-45.325554	-43.395013	-44.416713	-44.932409	-45.897656	-44.564435	-44.034087
1148	-49.732095	-48.217759	-48.280963	-48.220285	-48.048126	-47.961725	-47.863014	-47.343506	-47.307218	-48.073022	-47.757642	-47.687456	-47.067537	-47.773398	-47.518145	-45.907118	-46.371598	-46.243535	-47.910509	-45.919382	-46.3439	-46.215424	-43.893025	-45.268596	-45.864768	-47.43009	-45.311268	-45.329734
1152	-50.228866	-49.220487	-49.593743	-49.475464	-49.39283	-49.657958	-48.461574	-48.513433	-48.658215	-49.252687	-49.071204	-49.042908	-48.589636	-49.253422	-48.176786	-46.624784	-47.378553	-47.306162	-49.23661	-47.270334	-47.513322	-47.310066	-44.730439	-46.361355	-47.019353	-48.914938	-46.354419	-46.844805
1156	-50.713465	-50.265108	-50.931098	-50.746859	-50.785489	-51.544908	-49.333851	-49.735173	-50.279163	-50.604924	-50.471028	-50.486461	-50.275764	-50.781447	-48.99036	-47.53808	-48.485413	-48.508518	-50.572541	-48.727804	-48.643746	-48.548112	-45.689715	-47.615478	-48.250004	-50.475989	-47.4441	-48.599374
1160	-51.156586	-51.29898	-52.263033	-52.054908	-52.057939	-53.429744	-50.154086	-50.982038	-51.987386	-51.868647	-51.86557	-51.928545	-52.006035	-52.518928	-49.937418	-48.486653	-49.607477	-49.697737	-51.547618	-50.134932	-49.852579	-49.685748	-46.926016	-48.902122	-49.401236	-51.849263	-48.68233	-50.509336
1164	-51.287083	-51.999925	-53.202327	-53.043306	-53.146748	-54.850744	-50.747961	-52.104424	-53.513251	-52.896548	-52.963289	-53.114411	-53.68858	-53.973368	-50.949701	-49.386721	-50.44356	-50.623849	-51.988396	-51.249509	-50.73069	-50.594359	-48.066683	-50.039666	-50.345216	-52.506986	-49.787078	-52.255178
1168	-51.205964	-52.278788	-53.505764	-53.542465	-53.592854	-55.236034	-51.084378	-52.831736	-54.623235	-53.397131	-53.624594	-53.75059	-54.974489	-54.98216	-51.829053	-50.102182	-51.078866	-51.39025	-51.64734	-52.038969	-51.294754	-51.231871	-49.4135	-51.006337	-50.989526	-52.281819	-50.761925	-53.802954
1172	-50.845799	-52.438361	-53.116018	-53.344629	-53.328047	-54.168953	-51.112811	-53.125664	-54.734946	-53.259698	-53.537045	-53.673881	-55.465978	-54.933103	-53.062598	-50.983876	-51.442063	-51.610088	-50.733079	-52.324859	-51.505497	-51.487261	-51.082173	-51.758453	-51.357637	-51.33885	-51.660982	-54.405051
1176	-50.31366	-52.229547	-52.113473	-52.371803	-52.30497	-52.030976	-50.912403	-52.823468	-53.228831	-52.291741	-52.533306	-52.65751	-53.988709	-53.351979	-54.801411	-52.020871	-51.433657	-51.467923	-49.391268	-51.766905	-51.190393	-51.397232	-53.912184	-52.141263	-51.19099	-49.549831	-52.171487	-52.980744
1180	-49.708485	-51.563832	-50.593992	-50.739601	-50.617969	-49.687677	-50.513608	-51.689507	-50.958107	-50.696148	-50.774281	-50.738453	-51.473895	-50.816999	-57.056702	-53.554546	-50.681174	-50.611033	-48.086756	-50.548701	-50.509153	-50.71838	-59.972011	-51.445691	-50.407318	-47.827691	-51.391903	-50.145818
1184	-48.997756	-50.246918	-48.832487	-48.868177	-48.746362	-47.626686	-49.78152	-49.834573	-48.538972	-48.892844	-48.81935	-48.728907	-48.727667	-48.357121	-57.946388	-55.652973	-49.47303	-49.304638	-46.920504	-48.872036	-49.234773	-49.399766	-65.106094	-49.574405	-49.018793	-46.262552	-49.58497	-47.430733
1188	-48.093187	-48.467086	-47.182692	-47.150723	-47.045397	-46.040601	-48.616783	-47.755254	-46.412617	-46.998591	-46.868185	-46.813892	-46.518448	-46.146478	-55.113622	-57.580482	-47.859707	-47.64708	-45.873908	-47.158348	-47.710009	-47.738947	-55.006872	-47.356872	-47.418285	-45.112468	-47.419434	-45.173146
1192	-46.832541	-46.54835	-45.609836	-45.550352	-45.519439	-44.676605	-47.186183	-45.744422	-44.697642	-45.284397	-45.181506	-45.031671	-44.640777	-44.284562	-51.638153	-57.196248	-46.154792	-46.064624	-45.106818	-45.540844	-46.044092	-45.969863	-49.94959	-45.409382	-45.746581	-44.152687	-45.344616	-43.467405
1196	-45.358764	-44.683449	-44.225078	-44.106156	-44.079147	-43.534651	-45.52339	-44.013187	-43.245224	-43.712828	-43.659177	-43.5934	-43.087856	-42.763611	-48.661476	-54.694478	-44.540228	-44.493422	-44.267291	-44.05246	-44.406562	-44.286951	-46.725011	-43.62808	-44.136381	-43.357302	-43.578656	-42.119347
1200	-43.952417	-43.144079	-42.984689	-42.870728	-42.893373	-42.665497	-44.020904	-42.64965	-42.201293	-42.532336	-42.551628	-42.394811	-41.933133	-41.552803	-46.433792	-51.513719	-43.117667	-43.103749	-43.591885	-42.840825	-43.060066	-42.921898	-44.544684	-42.386589	-42.840412	-42.800358	-42.28921	-41.202836
1204	-43.001225	-42.162892	-42.227108	-42.189166	-42.236983	-42.19353	-42.972792	-41.876681	-41.73346	-41.870801	-41.876956	-41.825557	-41.314546	-41.037751	-45.008612	-49.240652	-42.278232	-42.321685	-43.214219	-42.210617	-42.234181	-42.138318	-43.317064	-41.674252	-42.09289	-42.612444	-41.600436	-40.858242
1208	-42.529396	-41.795929	-42.04149	-41.99202	-41.993352	-42.192474	-42.56968	-41.716373	-41.731209	-41.766945	-41.778245	-41.758999	-41.318037	-41.107983	-44.291269	-47.851071	-42.041398	-42.002263	-43.224462	-42.082417	-42.052606	-41.85523	-42.739955	-41.537645	-41.945259	-42.790115	-41.496397	-41.080928
1212	-42.454157	-41.913519	-42.230139	-42.200282	-42.166567	-42.60413	-42.586859	-42.025276	-42.214981	-42.042684	-42.149664	-42.086275	-41.762031	-41.652341	-44.192557	-47.146037	-42.261374	-42.192749	-43.488626	-42.377724	-42.211995	-42.135195	-42.765816	-41.862349	-42.100744	-43.345313	-41.778888	-41.725789
1216	-42.632425	-42.212868	-42.65553	-42.650385	-42.559942	-43.068013	-42.817721	-42.54212	-42.749096	-42.538858	-42.682998	-42.65801	-42.407167	-42.387461	-44.366508	-46.797264	-42.672755	-42.550755	-43.911031	-42.830215	-42.605003	-42.567383	-42.953454	-42.3633	-42.488791	-43.879428	-42.236019	-42.50868
1220	-42.993554	-42.657688	-43.166724	-43.080966	-43.060434	-43.684762	-43.169066	-43.135673	-43.432863	-43.123776	-43.292995	-43.305443	-43.182479	-43.231123	-44.736089	-46.656799	-43.116886	-43.054462	-44.206383	-43.278204	-43.039626	-43.031266	-43.30457	-42.851712	-42.85038	-44.343908	-42.788232	-43.376732
1224	-43.432036	-43.19557	-43.727894	-43.802352	-43.698313	-44.367564	-43.64333	-43.82734	-44.275697	-43.880715	-43.963119	-44.069869	-44.103768	-44.246391	-45.234835	-46.763319	-43.616505	-43.582101	-44.494892	-43.756556	-43.506953	-43.600658	-43.876305	-43.481828	-43.327675	-44.697597	-43.371358	-44.373352
1228	-44.09697	-44.011717	-44.539401	-44.548313	-44.507891	-45.078753	-44.302201	-44.688272	-45.11697	-44.783952	-44.851336	-45.020785	-45.196894	-45.457429	-46.10895	-47.148013	-44.279142	-44.295816	-44.744265	-44.36784	-44.228937	-44.323973	-44.820515	-44.250342	-43.970055	-45.050136	-44.155076	-45.499091
1232	-44.957351	-45.170115	-45.523527	-45.679609	-45.508737	-45.886402	-45.124732	-45.898345	-46.21988	-45.899539	-45.89196	-46.116162	-46.527083	-46.885273	-47.270334	-48.097596	-45.267586	-45.209296	-45.15119	-45.165062	-45.134884	-45.262395	-46.16678	-45.240531	-44.860063	-45.447553	-45.152568	-46.731212
1236	-46.188874	-46.680134	-46.753765	-46.967723	-46.810401	-46.842876	-46.216618	-47.179615	-47.384019	-47.270012	-47.236986	-47.370928	-47.825211	-48.597858	-48.616691	-49.336194	-46.41055	-46.30256	-45.714703	-46.132376	-46.265721	-46.354189	-47.972473	-46.336826	-46.011204	-45.901239	-46.314411	-47.829023
1240	-47.480571	-48.281974	-48.031544	-48.25106	-48.048356	-47.750109	-47.330001	-48.452709	-48.506129	-48.566578	-48.459507	-48.552981	-48.887102	-49.946559	-50.178753	-50.838083	-47.440334	-47.406435	-46.16678	-47.092111	-47.355908	-47.463714	-49.927496	-47.34594	-47.113516	-46.289193	-47.354622	-48.485781
1244	-48.597307	-49.533846	-48.9052	-49.097432	-48.916086	-48.338656	-48.075916	-49.299631	-48.978831	-49.366418	-49.250161	-49.269453	-49.324251	-50.450541	-51.577245	-52.494354	-48.177475	-48.075411	-46.521479	-47.760812	-48.110228	-48.173616	-51.884173	-48.012298	-47.921487	-46.405635	-47.994292	-48.342973
1248	-49.03735	-49.999061	-49.279696	-49.362009	-49.273908	-48.44196	-48.428364	-49.473489	-49.049385	-49.593973	-49.461501	-49.341798	-49.162473	-50.0342	-52.381863	-54.335783	-48.330663	-48.252301	-46.594146	-48.055429	-48.415273	-48.383165	-53.003665	-48.073389	-48.194884	-46.285886	-48.126305	-47.545292
1252	-49.133306	-49.595351	-48.985629	-48.930463	-48.934092	-48.155748	-48.359555	-49.015945	-48.540533	-49.108547	-49.071525	-48.80433	-48.316056	-48.789539	-52.564357	-56.374635	-47.938575	-47.910968	-46.392773	-47.730679	-48.013308	-47.889563	-52.502806	-47.529766	-47.842252	-45.836151	-47.503676	-46.31092
1256	-48.329699	-48.09778	-47.904722	-47.795216	-47.955019	-47.424716	-47.682541	-47.798294	-47.399315	-47.895902	-47.857777	-47.641385	-47.053068	-46.962579	-51.564889	-57.901649	-46.882057	-46.851695	-45.947402	-46.780958	-46.829326	-46.769337	-50.341725	-46.281017	-46.742328	-45.0528	-46.256994	-44.703154
1260	-46.867451	-46.062282	-46.210647	-46.094573	-46.362044	-46.331636	-46.511879	-46.102474	-45.920898	-46.115702	-46.203803	-46.032287	-45.47764	-44.907421	-49.777753	-57.04655	-45.237086	-45.283616	-45.159458	-45.20259	-45.115546	-45.080085	-47.687548	-44.671506	-45.056383	-44.243406	-44.630717	-43.079266
1264	-45.024414	-43.988521	-44.329715	-44.333573	-44.6264	-44.879126	-44.958545	-44.2045	-44.246667	-44.173771	-44.37009	-44.298296	-43.924903	-42.99112	-47.524392	-53.478755	-43.368648	-43.399607	-44.068261	-43.346691	-43.123179	-43.141185	-45.322293	-42.900172	-43.128048	-43.301309	-42.876378	-41.593546
1268	-43.059331	-42.097208	-42.531371	-42.584333	-42.83885	-43.416281	-43.419726	-42.451585	-42.586721	-42.481625	-42.664578	-42.61621	-42.484106	-41.394792	-45.366894	-49.74831	-41.478069	-41.583533	-42.588421	-41.472052	-41.181017	-41.277248	-43.399515	-41.15309	-41.221255	-42.186364	-41.138345	-40.367856
1272	-41.378761	-40.666011	-41.128377	-41.15998	-41.377613	-41.962714	-41.917102	-41.086302	-41.29778	-41.082857	-41.235678	-41.199345	-41.404805	-40.287886	-43.622476	-46.927991	-39.95202	-39.979075	-41.071236	-39.970715	-39.733147	-39.834246	-42.19477	-39.796856	-39.724144	-41.032147	-39.748213	-39.46935
1276	-40.273417	-39.812795	-40.132814	-40.219766	-40.328124	-40.823609	-40.798161	-40.109572	-40.373138	-40.140026	-40.270569	-40.24062	-40.543598	-39.689418	-42.365827	-44.903884	-38.900188	-38.878645	-39.822304	-38.914841	-38.694635	-38.818334	-41.409674	-38.882136	-38.761652	-40.026662	-38.822652	-38.999083
1280	-39.60761	-39.355481	-39.609585	-39.660709	-39.725108	-40.076592	-40.115038	-39.632965	-39.81082	-39.615924	-39.661306	-39.663282	-40.128405	-39.48731	-41.591387	-43.650725	-38.257164	-38.235024	-38.871709	-38.17871	-38.095662	-38.180455	-41.060671	-38.249172	-38.144627	-39.188099	-38.199104	-38.647691
1284	-39.227878	-39.232701	-39.361039	-39.362095	-39.38667	-39.554787	-39.636135	-39.429618	-39.536597	-39.413541	-39.416021	-39.432006	-39.886151	-39.492041	-41.128332	-42.943671	-37.935354	-37.861217	-38.311136	-37.83205	-37.807062	-37.838756	-40.964441	-37.916797	-37.790572	-38.595649	-37.853684	-38.520915
1288	-39.300039	-39.470453	-39.46393	-39.411152	-39.410188	-39.504306	-39.667186	-39.612433	-39.631496	-39.588548	-39.541741	-39.522036	-39.955557	-39.880501	-41.117124	-42.60661	-37.897	-37.872563	-38.184589	-37.856808	-37.938937	-37.947802	-41.156994	-37.968288	-37.9066	-38.382976	-37.898515	-38.664916
1292	-39.769572	-40.046827	-40.018623	-39.934703	-39.8969	-39.802001	-40.034792	-40.123306	-40.151509	-40.056197	-40.041912	-40.06125	-40.421185	-40.575384	-41.508156	-42.867742	-38.362306	-38.317843	-38.340763	-38.275446	-38.362582	-38.377327	-41.671541	-38.364833	-38.334011	-38.586232	-38.336216	-39.090307
1296	-40.566427	-40.9666	-40.774643	-40.651771	-40.665551	-40.481955	-40.727929	-40.867337	-40.88323	-40.84359	-40.742903	-40.739642	-41.105457	-41.43774	-42.107175	-43.482149	-39.042398	-39.012404	-38.892747	-38.978734	-39.075378	-39.118969	-42.36624	-38.990493	-39.05503	-39.016767	-39.009877	-39.737097
1300	-41.395527	-41.850682	-41.682795	-41.554227	-41.49309	-41.250744	-41.468653	-41.702822	-41.692028	-41.687113	-41.628088	-41.560428	-41.821606	-42.411209	-42.942384	-44.329623	-39.859188	-39.848072	-39.540777	-39.818537	-39.921015	-39.879307	-43.309256	-39.799337	-39.847705	-39.625984	-39.808615	-40.460136
