   5.0000000e+02  -5.3256942e+01
   5.0400000e+02  -5.5899498e+01
   5.0800000e+02  -5.8949760e+01
   5.1200000e+02  -6.1750144e+01
   5.1600000e+02  -6.1152549e+01
   5.2000000e+02  -5.8116113e+01
   5.2400000e+02  -5.5247656e+01
   5.2800000e+02  -5.3766391e+01
   5.3200000e+02  -5.3386751e+01
   5.3600000e+02  -5.3741909e+01
   5.4000000e+02  -5.4421679e+01
   5.4400000e+02  -5.5328453e+01
   5.4800000e+02  -5.6214373e+01
   5.5200000e+02  -5.7565553e+01
   5.5600000e+02  -5.8810398e+01
   5.6000000e+02  -6.0786413e+01
   5.6400000e+02  -6.2442638e+01
   5.6800000e+02  -6.2379755e+01
   5.7200000e+02  -6.0984616e+01
   5.7600000e+02  -5.8219647e+01
   5.8000000e+02  -5.6298707e+01
   5.8400000e+02  -5.5168788e+01
   5.8800000e+02  -5.4981609e+01
   5.9200000e+02  -5.5756369e+01
   5.9600000e+02  -5.8336410e+01
   6.0000000e+02  -6.2357156e+01
   6.0400000e+02  -6.3671681e+01
   6.0800000e+02  -6.0543470e+01
   6.1200000e+02  -5.8212481e+01
   6.1600000e+02  -5.6804756e+01
   6.2000000e+02  -5.5532995e+01
   6.2400000e+02  -5.4103451e+01
   6.2800000e+02  -5.3056810e+01
   6.3200000e+02  -5.2556823e+01
   6.3600000e+02  -5.2254305e+01
   6.4000000e+02  -5.2339420e+01
   6.4400000e+02  -5.2828796e+01
   6.4800000e+02  -5.4058804e+01
   6.5200000e+02  -5.6128936e+01
   6.5600000e+02  -6.0362216e+01
   6.6000000e+02  -6.8885413e+01
   6.6400000e+02  -6.6587128e+01
   6.6800000e+02  -5.8791382e+01
   6.7200000e+02  -5.5185829e+01
   6.7600000e+02  -5.3270355e+01
   6.8000000e+02  -5.2413649e+01
   6.8400000e+02  -5.2333219e+01
   6.8800000e+02  -5.2521547e+01
   6.9200000e+02  -5.3298099e+01
   6.9600000e+02  -5.4891992e+01
   7.0000000e+02  -5.7078382e+01
   7.0400000e+02  -6.0415270e+01
   7.0800000e+02  -6.5291895e+01
   7.1200000e+02  -7.4305569e+01
   7.1600000e+02  -6.9796366e+01
   7.2000000e+02  -6.4493662e+01
   7.2400000e+02  -6.1789371e+01
   7.2800000e+02  -6.0330476e+01
   7.3200000e+02  -6.0140771e+01
   7.3600000e+02  -6.1407066e+01
   7.4000000e+02  -6.3392681e+01
   7.4400000e+02  -6.8318501e+01
   7.4800000e+02  -7.1677390e+01
   7.5200000e+02  -6.5711497e+01
   7.5600000e+02  -6.2091660e+01
   7.6000000e+02  -5.9736877e+01
   7.6400000e+02  -5.8610266e+01
   7.6800000e+02  -5.8163195e+01
   7.7200000e+02  -5.8276467e+01
   7.7600000e+02  -5.8089931e+01
   7.8000000e+02  -5.8024889e+01
   7.8400000e+02  -5.7651082e+01
   7.8800000e+02  -5.7065062e+01
   7.9200000e+02  -5.6821063e+01
   7.9600000e+02  -5.7012652e+01
   8.0000000e+02  -5.7759623e+01
   8.0400000e+02  -5.9111722e+01
   8.0800000e+02  -6.0157445e+01
   8.1200000e+02  -6.1059212e+01
   8.1600000e+02  -6.1459706e+01
   8.2000000e+02  -6.0643513e+01
   8.2400000e+02  -5.9222835e+01
   8.2800000e+02  -5.7930220e+01
   8.3200000e+02  -5.6430122e+01
   8.3600000e+02  -5.5495834e+01
   8.4000000e+02  -5.4993138e+01
   8.4400000e+02  -5.4944448e+01
   8.4800000e+02  -5.5538874e+01
   8.5200000e+02  -5.6907096e+01
   8.5600000e+02  -5.9151822e+01
   8.6000000e+02  -6.2072597e+01
   8.6400000e+02  -6.6951427e+01
   8.6800000e+02  -6.8798231e+01
   8.7200000e+02  -6.3817107e+01
   8.7600000e+02  -5.9635594e+01
   8.8000000e+02  -5.7005486e+01
   8.8400000e+02  -5.5597577e+01
   8.8800000e+02  -5.4966956e+01
   8.9200000e+02  -5.4917348e+01
   8.9600000e+02  -5.5402452e+01
   9.0000000e+02  -5.6217542e+01
   9.0400000e+02  -5.7064832e+01
   9.0800000e+02  -5.7993930e+01
   9.1200000e+02  -5.8184232e+01
   9.1600000e+02  -5.8093697e+01
   9.2000000e+02  -5.7187107e+01
   9.2400000e+02  -5.6441147e+01
   9.2800000e+02  -5.5802303e+01
   9.3200000e+02  -5.5530560e+01
   9.3600000e+02  -5.5911854e+01
   9.4000000e+02  -5.6811141e+01
   9.4400000e+02  -5.8513116e+01
   9.4800000e+02  -6.0839006e+01
   9.5200000e+02  -6.4878493e+01
   9.5600000e+02  -7.8102159e+01
   9.6000000e+02  -6.9924888e+01
   9.6400000e+02  -6.2211041e+01
   9.6800000e+02  -5.8360387e+01
   9.7200000e+02  -5.5822330e+01
   9.7600000e+02  -5.4342444e+01
   9.8000000e+02  -5.3948518e+01
   9.8400000e+02  -5.4061376e+01
   9.8800000e+02  -5.5001130e+01
   9.9200000e+02  -5.6800668e+01
   9.9600000e+02  -6.0168331e+01
   1.0000000e+03  -6.6310930e+01
   1.0040000e+03  -6.7251052e+01
   1.0080000e+03  -6.0157353e+01
   1.0120000e+03  -5.6337888e+01
   1.0160000e+03  -5.3689820e+01
   1.0200000e+03  -5.1778066e+01
   1.0240000e+03  -5.0111276e+01
   1.0280000e+03  -4.8971803e+01
   1.0320000e+03  -4.8395751e+01
   1.0360000e+03  -4.8194332e+01
   1.0400000e+03  -4.8363414e+01
   1.0440000e+03  -4.8962984e+01
   1.0480000e+03  -5.0008753e+01
   1.0520000e+03  -5.1541922e+01
   1.0560000e+03  -5.3459417e+01
   1.0600000e+03  -5.6172803e+01
   1.0640000e+03  -5.9582219e+01
   1.0680000e+03  -6.0613748e+01
   1.0720000e+03  -5.7188669e+01
   1.0760000e+03  -5.3947323e+01
   1.0800000e+03  -5.1724921e+01
   1.0840000e+03  -5.0139342e+01
   1.0880000e+03  -4.9124349e+01
   1.0920000e+03  -4.8526937e+01
   1.0960000e+03  -4.8211098e+01
   1.1000000e+03  -4.8185421e+01
   1.1040000e+03  -4.8308753e+01
   1.1080000e+03  -4.8580358e+01
   1.1120000e+03  -4.9036891e+01
   1.1160000e+03  -4.9608764e+01
   1.1200000e+03  -5.0101217e+01
   1.1240000e+03  -5.0476494e+01
   1.1280000e+03  -5.0179258e+01
   1.1320000e+03  -4.9594019e+01
   1.1360000e+03  -4.8936343e+01
   1.1400000e+03  -4.8412425e+01
   1.1440000e+03  -4.8226302e+01
   1.1480000e+03  -4.8419131e+01
   1.1520000e+03  -4.8756145e+01
   1.1560000e+03  -4.9196832e+01
   1.1600000e+03  -4.9842519e+01
   1.1640000e+03  -5.0676397e+01
   1.1680000e+03  -5.1794511e+01
   1.1720000e+03  -5.2958283e+01
   1.1760000e+03  -5.4708488e+01
   1.1800000e+03  -5.7297302e+01
   1.1840000e+03  -6.0261714e+01
   1.1880000e+03  -5.9998744e+01
   1.1920000e+03  -5.7362849e+01
   1.1960000e+03  -5.5150644e+01
   1.2000000e+03  -5.3800887e+01
   1.2040000e+03  -5.3038391e+01
   1.2080000e+03  -5.2769679e+01
   1.2120000e+03  -5.2533627e+01
   1.2160000e+03  -5.2523154e+01
   1.2200000e+03  -5.2792508e+01
   1.2240000e+03  -5.3577283e+01
   1.2280000e+03  -5.5305073e+01
   1.2320000e+03  -5.7883597e+01
   1.2360000e+03  -6.1729474e+01
   1.2400000e+03  -6.5868452e+01
   1.2440000e+03  -6.5064432e+01
   1.2480000e+03  -6.1725569e+01
   1.2520000e+03  -5.9413505e+01
   1.2560000e+03  -5.7755994e+01
   1.2600000e+03  -5.6780458e+01
   1.2640000e+03  -5.6647526e+01
   1.2680000e+03  -5.6695435e+01
   1.2720000e+03  -5.6924367e+01
   1.2760000e+03  -5.7335013e+01
   1.2800000e+03  -5.7593527e+01
   1.2840000e+03  -5.7876937e+01
   1.2880000e+03  -5.7661095e+01
   1.2920000e+03  -5.7107321e+01
   1.2960000e+03  -5.6661352e+01
   1.3000000e+03  -5.6361268e+01
