   5.0000000e+02  -5.2818874e+01
   5.0400000e+02  -5.5251744e+01
   5.0800000e+02  -5.9114386e+01
   5.1200000e+02  -6.2195515e+01
   5.1600000e+02  -6.1809123e+01
   5.2000000e+02  -5.9123573e+01
   5.2400000e+02  -5.6174870e+01
   5.2800000e+02  -5.4657777e+01
   5.3200000e+02  -5.4253378e+01
   5.3600000e+02  -5.4862365e+01
   5.4000000e+02  -5.5998853e+01
   5.4400000e+02  -5.7239701e+01
   5.4800000e+02  -5.8474073e+01
   5.5200000e+02  -5.9789012e+01
   5.5600000e+02  -6.1402473e+01
   5.6000000e+02  -6.4554202e+01
   5.6400000e+02  -6.7555315e+01
   5.6800000e+02  -6.6693924e+01
   5.7200000e+02  -6.2761830e+01
   5.7600000e+02  -5.9215624e+01
   5.8000000e+02  -5.6768469e+01
   5.8400000e+02  -5.5626240e+01
   5.8800000e+02  -5.5702765e+01
   5.9200000e+02  -5.7502762e+01
   5.9600000e+02  -6.2192759e+01
   6.0000000e+02  -8.6056193e+01
   6.0400000e+02  -6.2212465e+01
   6.0800000e+02  -5.6935208e+01
   6.1200000e+02  -5.4412354e+01
   6.1600000e+02  -5.3036094e+01
   6.2000000e+02  -5.2145029e+01
   6.2400000e+02  -5.1672373e+01
   6.2800000e+02  -5.1324748e+01
   6.3200000e+02  -5.1281571e+01
   6.3600000e+02  -5.1258880e+01
   6.4000000e+02  -5.1805489e+01
   6.4400000e+02  -5.2584200e+01
   6.4800000e+02  -5.4100604e+01
   6.5200000e+02  -5.7112006e+01
   6.5600000e+02  -6.2441811e+01
   6.6000000e+02  -7.2676353e+01
   6.6400000e+02  -6.1540320e+01
   6.6800000e+02  -5.5925589e+01
   6.7200000e+02  -5.3175135e+01
   6.7600000e+02  -5.1623500e+01
   6.8000000e+02  -5.1178864e+01
   6.8400000e+02  -5.1376699e+01
   6.8800000e+02  -5.2094365e+01
   6.9200000e+02  -5.3164294e+01
   6.9600000e+02  -5.4835356e+01
   7.0000000e+02  -5.7281133e+01
   7.0400000e+02  -6.0820541e+01
   7.0800000e+02  -6.7832662e+01
   7.1200000e+02  -8.0054426e+01
   7.1600000e+02  -6.5527212e+01
   7.2000000e+02  -6.1586712e+01
   7.2400000e+02  -5.9176580e+01
   7.2800000e+02  -5.8195210e+01
   7.3200000e+02  -5.8291625e+01
   7.3600000e+02  -5.9059771e+01
   7.4000000e+02  -6.1232289e+01
   7.4400000e+02  -6.4178053e+01
   7.4800000e+02  -6.6096420e+01
   7.5200000e+02  -6.3543481e+01
   7.5600000e+02  -6.0043116e+01
   7.6000000e+02  -5.7989015e+01
   7.6400000e+02  -5.7171857e+01
   7.6800000e+02  -5.6774532e+01
   7.7200000e+02  -5.7268134e+01
   7.7600000e+02  -5.7736931e+01
   7.8000000e+02  -5.8329244e+01
   7.8400000e+02  -5.9133081e+01
   7.8800000e+02  -5.9649236e+01
   7.9200000e+02  -5.9457969e+01
   7.9600000e+02  -5.9479466e+01
   8.0000000e+02  -5.9287877e+01
   8.0400000e+02  -5.8976677e+01
   8.0800000e+02  -5.8426623e+01
   8.1200000e+02  -5.7615988e+01
   8.1600000e+02  -5.7168826e+01
   8.2000000e+02  -5.6906913e+01
   8.2400000e+02  -5.6996161e+01
   8.2800000e+02  -5.7457104e+01
   8.3200000e+02  -5.7518839e+01
   8.3600000e+02  -5.7538682e+01
   8.4000000e+02  -5.7177507e+01
   8.4400000e+02  -5.6844810e+01
   8.4800000e+02  -5.7055232e+01
   8.5200000e+02  -5.7342271e+01
   8.5600000e+02  -5.7624394e+01
   8.6000000e+02  -5.8246564e+01
   8.6400000e+02  -5.9335924e+01
   8.6800000e+02  -6.0465475e+01
   8.7200000e+02  -6.1452678e+01
   8.7600000e+02  -6.1675869e+01
   8.8000000e+02  -6.0742179e+01
   8.8400000e+02  -5.9697099e+01
   8.8800000e+02  -5.9531417e+01
   8.9200000e+02  -6.0435388e+01
   8.9600000e+02  -6.1968971e+01
   9.0000000e+02  -6.4519614e+01
   9.0400000e+02  -6.7668909e+01
   9.0800000e+02  -7.0299293e+01
   9.1200000e+02  -7.1341203e+01
   9.1600000e+02  -6.9760400e+01
   9.2000000e+02  -6.8241149e+01
   9.2400000e+02  -6.6973246e+01
   9.2800000e+02  -6.4943948e+01
   9.3200000e+02  -6.2404191e+01
   9.3600000e+02  -6.0834000e+01
   9.4000000e+02  -5.9461873e+01
   9.4400000e+02  -5.8482341e+01
   9.4800000e+02  -5.7641803e+01
   9.5200000e+02  -5.7178701e+01
   9.5600000e+02  -5.6531498e+01
   9.6000000e+02  -5.6277439e+01
   9.6400000e+02  -5.6632230e+01
   9.6800000e+02  -5.7376169e+01
   9.7200000e+02  -5.8580501e+01
   9.7600000e+02  -5.9697053e+01
   9.8000000e+02  -6.1876186e+01
   9.8400000e+02  -6.4894799e+01
   9.8800000e+02  -6.7784202e+01
   9.9200000e+02  -6.4513505e+01
   9.9600000e+02  -6.0411227e+01
   1.0000000e+03  -5.7437674e+01
   1.0040000e+03  -5.5315270e+01
   1.0080000e+03  -5.3553765e+01
   1.0120000e+03  -5.2460363e+01
   1.0160000e+03  -5.1729515e+01
   1.0200000e+03  -5.1342846e+01
   1.0240000e+03  -5.0956407e+01
   1.0280000e+03  -5.0919477e+01
   1.0320000e+03  -5.1241287e+01
   1.0360000e+03  -5.1843522e+01
   1.0400000e+03  -5.2747723e+01
   1.0440000e+03  -5.3567637e+01
   1.0480000e+03  -5.4423516e+01
   1.0520000e+03  -5.4774219e+01
   1.0560000e+03  -5.4863697e+01
   1.0600000e+03  -5.4726402e+01
   1.0640000e+03  -5.4536513e+01
   1.0680000e+03  -5.4524111e+01
   1.0720000e+03  -5.4505232e+01
   1.0760000e+03  -5.4745281e+01
   1.0800000e+03  -5.4914500e+01
   1.0840000e+03  -5.4606837e+01
   1.0880000e+03  -5.3861565e+01
   1.0920000e+03  -5.2862419e+01
   1.0960000e+03  -5.1748210e+01
   1.1000000e+03  -5.0774511e+01
   1.1040000e+03  -4.9820150e+01
   1.1080000e+03  -4.9018793e+01
   1.1120000e+03  -4.8337783e+01
   1.1160000e+03  -4.7862876e+01
   1.1200000e+03  -4.7596416e+01
   1.1240000e+03  -4.7562700e+01
   1.1280000e+03  -4.7405011e+01
   1.1320000e+03  -4.7327567e+01
   1.1360000e+03  -4.7512311e+01
   1.1400000e+03  -4.7982487e+01
   1.1440000e+03  -4.8665610e+01
   1.1480000e+03  -4.9588874e+01
   1.1520000e+03  -5.0619209e+01
   1.1560000e+03  -5.1485056e+01
   1.1600000e+03  -5.2130928e+01
   1.1640000e+03  -5.2794300e+01
   1.1680000e+03  -5.2755394e+01
   1.1720000e+03  -5.2367072e+01
   1.1760000e+03  -5.1985319e+01
   1.1800000e+03  -5.2142044e+01
   1.1840000e+03  -5.2570374e+01
   1.1880000e+03  -5.3501952e+01
   1.1920000e+03  -5.4544046e+01
   1.1960000e+03  -5.5552057e+01
   1.2000000e+03  -5.6523000e+01
   1.2040000e+03  -5.7393486e+01
   1.2080000e+03  -5.8436958e+01
   1.2120000e+03  -5.8714351e+01
   1.2160000e+03  -5.8687801e+01
   1.2200000e+03  -5.8070501e+01
   1.2240000e+03  -5.7424951e+01
   1.2280000e+03  -5.7176496e+01
   1.2320000e+03  -5.7420541e+01
   1.2360000e+03  -5.8425291e+01
   1.2400000e+03  -5.9888917e+01
   1.2440000e+03  -6.1272481e+01
   1.2480000e+03  -6.2498998e+01
   1.2520000e+03  -6.3231776e+01
   1.2560000e+03  -6.3866118e+01
   1.2600000e+03  -6.4395777e+01
   1.2640000e+03  -6.4806745e+01
   1.2680000e+03  -6.6009698e+01
   1.2720000e+03  -6.7419031e+01
   1.2760000e+03  -6.9785893e+01
   1.2800000e+03  -7.5682794e+01
   1.2840000e+03  -7.4584110e+01
   1.2880000e+03  -6.8680687e+01
   1.2920000e+03  -6.5114545e+01
   1.2960000e+03  -6.2583470e+01
   1.3000000e+03  -6.0904737e+01
