Freq  Med_P1P2  Med_P1P3  Med_P1P4  Med_P2P3  Med_P2P4  Med_P3P4
500	-54.41286	-57.950706	-63.79538	-54.016637	-58.683943	-55.230844
504	-54.320258	-61.113046	-60.112843	-55.643097	-62.184997	-56.664383
508	-54.770866	-65.721419	-57.155413	-57.771106	-66.748906	-58.746459
512	-55.165205	-67.809603	-55.221014	-61.359433	-68.827353	-61.655659
516	-56.016537	-63.302835	-53.98012	-67.664545	-63.894826	-66.164815
520	-57.531333	-59.434589	-53.240728	-81.97803	-60.562716	-72.474475
524	-60.284635	-57.071492	-52.740052	-65.238796	-58.337237	-64.964848
528	-65.43438	-55.218901	-52.470423	-59.224994	-56.557358	-59.796637
532	-71.481162	-53.978099	-52.725859	-55.48628	-55.439336	-56.137434
536	-61.899428	-53.396442	-53.530155	-53.011382	-54.491911	-53.380504
540	-56.669436	-53.073851	-55.339155	-51.512708	-54.070058	-51.384324
544	-53.741863	-53.306137	-58.493457	-50.696516	-53.688396	-50.295102
548	-52.323757	-54.320304	-64.653924	-50.631979	-53.800014	-50.003792
552	-51.487169	-55.352292	-69.404599	-51.178266	-54.082873	-50.509428
556	-51.187775	-56.432235	-61.279233	-52.252284	-54.312357	-51.751655
560	-51.456715	-56.942833	-57.174429	-53.857294	-54.637888	-53.293
564	-52.088118	-56.744583	-55.191617	-55.43364	-54.472206	-55.494273
568	-53.190982	-56.594473	-53.891514	-57.164232	-54.476615	-57.339423
572	-54.351906	-56.527547	-53.303151	-58.494972	-54.657088	-59.093027
576	-55.69638	-56.257688	-53.168888	-58.987334	-55.01955	-60.058596
580	-57.286232	-56.471509	-53.180187	-58.804656	-55.777774	-60.447791
584	-60.442646	-57.161017	-53.849301	-58.548577	-56.99019	-60.062868
588	-65.817512	-58.460247	-54.891809	-58.091768	-58.686837	-59.594254
592	-70.510679	-60.069528	-57.037685	-57.077647	-61.232886	-58.412843
596	-61.696861	-60.603138	-60.291708	-56.292597	-62.705515	-57.079669
600	-56.446015	-58.440128	-65.448115	-55.782138	-60.786504	-55.661287
604	-53.164203	-55.998898	-64.677901	-55.386237	-57.950752	-54.764343
608	-51.178726	-53.879434	-59.260593	-55.400752	-55.385181	-54.252322
612	-49.9523	-52.734357	-55.701892	-56.114192	-53.650685	-54.325816
616	-49.698701	-52.354257	-53.430801	-57.177048	-52.409147	-54.61731
620	-49.848628	-52.274792	-51.924227	-57.251781	-51.823173	-55.211736
624	-50.612595	-52.760355	-51.165864	-56.403711	-51.898872	-55.365567
628	-52.382965	-53.687431	-51.055165	-55.246645	-52.75567	-55.196118
632	-54.803295	-54.906645	-51.730939	-54.266286	-54.034873	-54.831865
636	-57.832289	-55.999082	-53.035772	-53.834648	-55.404702	-54.237072
640	-61.074002	-56.862862	-54.727367	-53.341001	-56.573159	-53.944521
644	-60.22143	-56.554786	-56.536137	-53.019099	-56.391584	-53.535391
648	-57.035986	-55.241409	-57.410114	-52.999669	-55.286056	-52.870504
652	-54.589198	-54.027753	-57.443921	-52.904403	-53.940525	-52.570558
656	-53.013587	-53.050839	-56.495072	-52.843449	-52.82852	-52.44842
660	-51.813986	-52.396883	-55.49216	-53.062598	-52.250217	-52.514886
664	-51.012033	-52.077186	-54.428247	-53.296813	-51.757075	-52.880241
668	-50.569923	-51.865616	-53.498369	-53.433097	-51.532276	-53.194381
672	-50.449623	-51.79791	-52.65604	-53.251109	-51.525845	-53.248674
676	-50.441768	-51.712887	-51.684408	-52.325273	-51.546286	-52.679007
680	-50.306861	-51.078591	-50.539377	-50.567029	-51.175097	-51.187637
684	-49.782576	-50.067134	-49.061512	-48.739977	-50.273927	-49.352914
688	-48.823071	-48.709385	-47.827645	-47.224308	-49.09045	-47.701603
692	-48.180828	-47.498164	-47.084441	-46.402971	-48.083265	-46.704341
696	-48.116705	-47.16657	-47.034051	-46.1643	-47.600412	-46.4128
700	-48.287669	-47.35407	-47.66279	-46.697313	-47.600412	-46.831439
704	-48.961285	-48.13788	-48.788758	-47.829161	-48.134619	-47.980558
708	-49.74537	-49.274184	-49.957032	-49.349009	-48.941395	-49.709634
712	-49.957767	-49.890933	-50.762109	-50.491422	-49.316213	-51.137018
716	-50.03861	-50.20126	-50.983279	-50.937161	-49.573808	-51.827215
720	-49.913624	-50.284124	-50.801336	-50.993154	-49.914176	-51.90691
724	-49.644592	-50.132314	-50.363314	-50.603133	-50.139663	-51.542703
728	-49.23096	-49.809998	-49.771414	-49.952025	-49.917345	-50.654578
732	-48.981358	-49.481344	-49.248094	-49.192744	-49.795851	-49.624381
736	-48.823668	-49.261965	-48.655413	-48.4833	-49.47326	-48.546
740	-48.641358	-48.954854	-48.268699	-47.808261	-49.198118	-47.591639
744	-48.575489	-48.682376	-48.094289	-47.396651	-48.900331	-46.976221
748	-48.240496	-48.231952	-47.848269	-47.068593	-48.339666	-46.302652
752	-47.691866	-47.537253	-47.593384	-46.697083	-47.5836	-45.78149
756	-46.882241	-46.638839	-46.989496	-46.317718	-46.659831	-45.506716
760	-46.178264	-45.87377	-46.427867	-46.164438	-45.763071	-45.474746
764	-45.689715	-45.481728	-46.056356	-46.236186	-45.229966	-45.724992
768	-45.503179	-45.423622	-45.980842	-46.312528	-45.000528	-46.206237
772	-45.767526	-45.768399	-46.061914	-46.685232	-45.286005	-46.831071
776	-46.092598	-46.150658	-46.159155	-46.629101	-45.69169	-47.200974
780	-46.290204	-46.009274	-46.156032	-46.055116	-45.89049	-47.190271
784	-46.505035	-46.412892	-46.209085	-45.825081	-46.309863	-46.912465
788	-46.769842	-46.703008	-46.415143	-45.66955	-46.729788	-46.777926
792	-47.258299	-47.039977	-46.77912	-45.684157	-47.110715	-46.744578
796	-47.641706	-47.360042	-47.22982	-45.904362	-47.581947	-46.737459
800	-47.780334	-47.596967	-47.496097	-46.071101	-47.79935	-46.664011
804	-47.944178	-47.70808	-47.850244	-46.323368	-47.962506	-46.717707
808	-47.87684	-47.812165	-48.099388	-46.644122	-47.949828	-46.706362
812	-47.83256	-47.885751	-48.324462	-47.195646	-48.038847	-47.134141
816	-47.812487	-48.068704	-48.565154	-48.009817	-48.171917	-47.793057
820	-47.89163	-48.108115	-48.464697	-49.002854	-48.127269	-48.653346
824	-47.724386	-47.862738	-48.129474	-49.677388	-47.764854	-49.495951
828	-47.345848	-47.310066	-47.254578	-49.233349	-47.241395	-49.479369
832	-46.656891	-46.340317	-46.117264	-47.535783	-46.333244	-48.051893
836	-45.720352	-45.19942	-45.015824	-45.432625	-45.305435	-46.059709
840	-44.773111	-44.303395	-44.123427	-43.867256	-44.343633	-44.300685
844	-44.039323	-43.713746	-43.469747	-42.833384	-43.627988	-43.086478
848	-43.520182	-43.370577	-43.214862	-42.278966	-43.264011	-42.418926
852	-43.257029	-43.36139	-43.219593	-42.245205	-43.152209	-42.154073
856	-43.309347	-43.492714	-43.299196	-42.529947	-43.257259	-42.222285
860	-43.416786	-43.732441	-43.564233	-42.929018	-43.370898	-42.512722
864	-43.556194	-43.961144	-43.853706	-43.54416	-43.683568	-42.965535
868	-43.755867	-44.228202	-44.171979	-44.077678	-44.016448	-43.464557
872	-44.010063	-44.606878	-44.516986	-44.74183	-44.359388	-44.117043
876	-44.305232	-44.91941	-44.923084	-45.529039	-44.753406	-44.823317
880	-44.764476	-45.387472	-45.331387	-46.413306	-45.264003	-45.795408
884	-45.518153	-46.165173	-45.952317	-47.61534	-46.103438	-47.127986
888	-46.846137	-47.16611	-46.866486	-48.880717	-47.21875	-48.805662
892	-48.372646	-48.376321	-47.826359	-49.842611	-48.482933	-50.240901
896	-49.981239	-49.327191	-48.633227	-49.613495	-49.538256	-50.594222
900	-50.885027	-49.672887	-49.131744	-48.555554	-49.897915	-49.395678
904	-50.468547	-49.135465	-49.053978	-47.169418	-49.424984	-47.547083
908	-48.775392	-47.992868	-48.357213	-46.002155	-48.266586	-45.893154
912	-47.056191	-46.69373	-47.408318	-45.205851	-46.977278	-44.838291
916	-45.848599	-45.7537	-46.546467	-44.889047	-45.982495	-44.301925
920	-45.105716	-45.202452	-45.862746	-44.869066	-45.379985	-44.309918
924	-44.837648	-45.051744	-45.502536	-45.212741	-45.08477	-44.695484
928	-44.887164	-45.198502	-45.411449	-45.694033	-45.131898	-45.296478
932	-45.19276	-45.523895	-45.480212	-46.387445	-45.468131	-46.281798
936	-45.793249	-46.192044	-45.694859	-47.149207	-45.849655	-47.205108
940	-46.657626	-46.973052	-46.133938	-47.814738	-46.516518	-48.274211
944	-47.653695	-47.828931	-46.677469	-48.438974	-47.265051	-49.236105
948	-48.56079	-48.518348	-47.269736	-48.79202	-47.927688	-49.85878
952	-49.416761	-49.111901	-47.721217	-48.848747	-48.55289	-50.093776
956	-50.130936	-49.494251	-48.173525	-48.780398	-49.125635	-50.017756
960	-50.732987	-49.833654	-48.609112	-48.427078	-49.579091	-49.4457
964	-51.119793	-50.026805	-49.358931	-48.215094	-49.982341	-48.964776
968	-51.222914	-50.334927	-50.354494	-48.157356	-50.438966	-48.469796
972	-50.919752	-50.639374	-51.967175	-48.572136	-50.829769	-48.307696
976	-50.479939	-50.828712	-53.383627	-49.57661	-51.179093	-48.555186
980	-49.826259	-50.926459	-53.735662	-51.013135	-51.349185	-49.223427
984	-49.563152	-50.967661	-52.657188	-52.838809	-51.33908	-50.246229
988	-49.432976	-51.076478	-51.230722	-54.465499	-51.197053	-51.495713
992	-49.659612	-51.239817	-50.232082	-55.258037	-51.388642	-52.648691
996	-50.180452	-51.549363	-49.876602	-54.910136	-51.625935	-53.722525
1000	-51.322635	-52.376397	-50.111322	-54.326091	-52.249299	-54.46132
1004	-52.712446	-53.110874	-50.57199	-53.946129	-53.022865	-54.734808
1008	-54.239001	-53.83079	-51.228518	-53.591844	-53.848199	-54.504084
1012	-55.514529	-54.192287	-51.783165	-53.122587	-54.078831	-53.961838
1016	-56.093659	-54.045345	-52.144938	-52.571936	-54.111582	-53.181979
1020	-55.643006	-53.731803	-52.472719	-51.87958	-53.698593	-52.201574
1024	-54.703711	-53.279036	-52.858928	-51.413584	-53.046659	-51.241287
1028	-53.447107	-52.723608	-53.32497	-51.083276	-52.585532	-50.59684
1032	-52.388477	-52.342911	-53.946726	-51.120206	-52.092987	-50.180039
1036	-51.536135	-52.040301	-54.530587	-51.358923	-51.747612	-50.14908
1040	-50.842722	-51.717756	-54.79544	-51.99942	-51.563143	-50.389725
1044	-50.145359	-51.305502	-54.095413	-52.516999	-51.127648	-50.709285
1048	-49.609728	-50.75159	-52.565872	-52.642949	-50.650169	-51.014789
1052	-49.133949	-50.105351	-50.938356	-51.983343	-49.917804	-51.163981
1056	-48.901617	-49.627183	-49.594662	-51.070506	-49.363892	-50.973265
1060	-49.129447	-49.498799	-48.885862	-50.32055	-49.028577	-50.869134
1064	-49.689561	-49.602884	-48.681687	-49.932044	-49.215619	-50.96982
1068	-50.538229	-49.990333	-48.845486	-49.782209	-49.450063	-51.101741
1072	-51.452352	-50.450863	-49.120444	-49.835813	-49.968469	-51.267607
1076	-52.697288	-51.177302	-49.773527	-50.216189	-50.729725	-51.543989
1080	-54.162384	-52.204927	-50.792746	-50.839507	-51.830752	-52.236345
1084	-55.985853	-53.507464	-52.293487	-51.970436	-53.376415	-53.174078
1088	-57.678734	-55.195659	-54.416213	-53.581968	-55.278844	-54.301746
1092	-58.129617	-56.797453	-57.229228	-55.436994	-57.115451	-55.540895
1096	-57.728296	-58.035316	-60.542551	-57.23644	-58.400717	-56.691392
1100	-56.480144	-58.322768	-63.274081	-58.957293	-58.836121	-57.363905
1104	-54.886572	-57.271992	-61.416896	-59.749187	-57.69334	-57.627196
1108	-53.319412	-55.490598	-57.068277	-58.374489	-55.715351	-56.841503
1112	-51.682065	-53.366264	-53.179498	-55.169247	-53.329196	-55.000625
1116	-50.175675	-50.908315	-49.981422	-51.87517	-50.896097	-52.153068
1120	-48.755502	-48.842822	-47.4328	-49.075935	-48.733179	-49.527369
1124	-47.645289	-47.285032	-45.782317	-47.040298	-47.172725	-47.398993
1128	-46.755189	-46.181341	-44.713352	-45.625913	-46.026729	-45.910242
1132	-45.98594	-45.324543	-44.028667	-44.701776	-45.328723	-44.843573
1136	-45.382374	-44.769069	-43.788526	-44.108086	-44.846054	-44.147175
1140	-45.134424	-44.707656	-43.899823	-44.020123	-44.744173	-43.946124
1144	-45.254908	-45.004157	-44.56099	-44.420525	-45.038102	-44.325856
1148	-45.860771	-45.808223	-45.724027	-45.319307	-45.887367	-45.143152
1152	-46.699655	-47.000153	-47.129226	-46.599796	-47.038048	-46.330625
1156	-47.721401	-48.143025	-48.755273	-48.044911	-48.283995	-47.695908
1160	-48.73892	-49.323011	-50.310215	-49.410928	-49.425489	-49.111947
1164	-49.528288	-50.360328	-51.627175	-50.786499	-50.276178	-50.382514
1168	-50.164651	-51.050387	-52.402119	-51.670766	-50.866791	-51.48919
1172	-50.624124	-51.421622	-52.318199	-52.080677	-51.031922	-52.241444
1176	-50.840287	-51.117588	-51.063938	-51.639944	-50.777175	-52.292798
1180	-50.634781	-50.071911	-49.19233	-50.428539	-49.941598	-50.959761
1184	-49.867691	-48.560009	-47.308964	-48.6149	-48.615727	-48.925319
1188	-48.349771	-46.954678	-45.684478	-46.766994	-47.029596	-46.671452
1192	-46.508158	-45.330928	-44.373306	-45.086102	-45.381179	-44.689374
1196	-44.643073	-43.806256	-43.294511	-43.608742	-43.786826	-43.079726
1200	-43.05855	-42.676567	-42.40533	-42.443684	-42.426413	-41.81072
1204	-42.033681	-41.977643	-41.957937	-41.79965	-41.707048	-41.14055
1208	-41.575311	-41.710815	-41.842965	-41.651147	-41.466448	-41.149369
1212	-41.550736	-41.833779	-42.125181	-41.941079	-41.675446	-41.477197
1216	-41.736767	-42.11751	-42.565959	-42.354114	-42.055959	-41.959177
1220	-42.025827	-42.446991	-42.936321	-42.731228	-42.493752	-42.474
1224	-42.485759	-42.973436	-43.392992	-43.228045	-43.017991	-43.151244
1228	-43.193319	-43.655824	-43.964451	-43.856875	-43.716227	-43.949202
1232	-44.231785	-44.650836	-44.661539	-44.703706	-44.683816	-45.000069
1236	-45.48136	-45.838264	-45.551409	-45.795638	-45.864033	-46.186532
1240	-46.872549	-46.974751	-46.373389	-46.840947	-46.973695	-47.292473
1244	-47.979134	-47.768437	-47.01701	-47.654568	-47.809272	-47.93219
1248	-48.485092	-48.051204	-47.278096	-47.993419	-48.089604	-48.068107
1252	-48.203106	-47.716853	-47.068548	-47.708631	-47.719701	-47.456181
1256	-46.961155	-46.626897	-46.429566	-46.811274	-46.630296	-46.246429
1260	-45.055419	-45.017064	-45.368226	-45.160928	-44.923681	-44.541652
1264	-42.91804	-43.171547	-43.790869	-43.252711	-42.993187	-42.621079
1268	-40.915567	-41.352074	-42.056648	-41.257543	-41.046065	-40.857462
1272	-39.428515	-39.85216	-40.476443	-39.673754	-39.548402	-39.469672
1276	-38.498729	-38.84911	-39.360855	-38.632258	-38.485822	-38.533914
1280	-37.994057	-38.235897	-38.595465	-37.935584	-37.940453	-38.078116
1284	-37.764665	-37.924606	-38.143341	-37.674498	-37.636556	-37.843763
1288	-38.023822	-38.00329	-38.00182	-37.75332	-37.744271	-37.933057
1292	-38.507686	-38.385135	-38.348848	-38.19373	-38.205903	-38.388213
1296	-39.271101	-39.035876	-38.993433	-38.956043	-38.873041	-39.060037
1300	-40.196616	-39.878985	-39.788175	-39.922347	-39.864562	-39.931993
