   5.0000000e+02  -5.4475789e+01
   5.0400000e+02  -5.6959139e+01
   5.0800000e+02  -5.9996540e+01
   5.1200000e+02  -6.2335796e+01
   5.1600000e+02  -6.2288577e+01
   5.2000000e+02  -5.8755140e+01
   5.2400000e+02  -5.5829496e+01
   5.2800000e+02  -5.4246121e+01
   5.3200000e+02  -5.3904330e+01
   5.3600000e+02  -5.4579185e+01
   5.4000000e+02  -5.5734000e+01
   5.4400000e+02  -5.7502165e+01
   5.4800000e+02  -5.9556864e+01
   5.5200000e+02  -6.2878088e+01
   5.5600000e+02  -6.7004389e+01
   5.6000000e+02  -7.2956042e+01
   5.6400000e+02  -7.5936209e+01
   5.6800000e+02  -6.9217788e+01
   5.7200000e+02  -6.5891235e+01
   5.7600000e+02  -6.2401849e+01
   5.8000000e+02  -6.0029244e+01
   5.8400000e+02  -5.8906307e+01
   5.8800000e+02  -5.9632700e+01
   5.9200000e+02  -6.2458485e+01
   5.9600000e+02  -7.2977263e+01
   6.0000000e+02  -6.4259676e+01
   6.0400000e+02  -5.7792603e+01
   6.0800000e+02  -5.4332108e+01
   6.1200000e+02  -5.2811433e+01
   6.1600000e+02  -5.2040531e+01
   6.2000000e+02  -5.1654873e+01
   6.2400000e+02  -5.1906451e+01
   6.2800000e+02  -5.1950593e+01
   6.3200000e+02  -5.2334184e+01
   6.3600000e+02  -5.2955710e+01
   6.4000000e+02  -5.3853206e+01
   6.4400000e+02  -5.5300066e+01
   6.4800000e+02  -5.7587693e+01
   6.5200000e+02  -6.1971589e+01
   6.5600000e+02  -6.8994321e+01
   6.6000000e+02  -6.3657993e+01
   6.6400000e+02  -5.7705788e+01
   6.6800000e+02  -5.4423792e+01
   6.7200000e+02  -5.2323711e+01
   6.7600000e+02  -5.1587167e+01
   6.8000000e+02  -5.1626853e+01
   6.8400000e+02  -5.2728799e+01
   6.8800000e+02  -5.4401882e+01
   6.9200000e+02  -5.7092851e+01
   6.9600000e+02  -6.2092165e+01
   7.0000000e+02  -7.3331043e+01
   7.0400000e+02  -6.9933019e+01
   7.0800000e+02  -6.1906318e+01
   7.1200000e+02  -5.8683208e+01
   7.1600000e+02  -5.6862035e+01
   7.2000000e+02  -5.5968766e+01
   7.2400000e+02  -5.6083095e+01
   7.2800000e+02  -5.6503157e+01
   7.3200000e+02  -5.7609144e+01
   7.3600000e+02  -5.9700268e+01
   7.4000000e+02  -6.1439495e+01
   7.4400000e+02  -6.1355713e+01
   7.4800000e+02  -5.9245526e+01
   7.5200000e+02  -5.6963227e+01
   7.5600000e+02  -5.5261528e+01
   7.6000000e+02  -5.4386540e+01
   7.6400000e+02  -5.4131976e+01
   7.6800000e+02  -5.4490304e+01
   7.7200000e+02  -5.5222852e+01
   7.7600000e+02  -5.6419236e+01
   7.8000000e+02  -5.8331128e+01
   7.8400000e+02  -6.2352838e+01
   7.8800000e+02  -7.0672089e+01
   7.9200000e+02  -7.2372778e+01
   7.9600000e+02  -6.2742354e+01
   8.0000000e+02  -5.8717383e+01
   8.0400000e+02  -5.5812638e+01
   8.0800000e+02  -5.3916410e+01
   8.1200000e+02  -5.2502714e+01
   8.1600000e+02  -5.1607745e+01
   8.2000000e+02  -5.1373070e+01
   8.2400000e+02  -5.1677150e+01
   8.2800000e+02  -5.2479839e+01
   8.3200000e+02  -5.4012411e+01
   8.3600000e+02  -5.6345008e+01
   8.4000000e+02  -6.0573557e+01
   8.4400000e+02  -6.9187563e+01
   8.4800000e+02  -7.0327404e+01
   8.5200000e+02  -6.1133670e+01
   8.5600000e+02  -5.7201576e+01
   8.6000000e+02  -5.5038153e+01
   8.6400000e+02  -5.3860922e+01
   8.6800000e+02  -5.2913360e+01
   8.7200000e+02  -5.2524532e+01
   8.7600000e+02  -5.2303408e+01
   8.8000000e+02  -5.2299274e+01
   8.8400000e+02  -5.2496191e+01
   8.8800000e+02  -5.2939679e+01
   8.9200000e+02  -5.3970244e+01
   8.9600000e+02  -5.5111187e+01
   9.0000000e+02  -5.6326313e+01
   9.0400000e+02  -5.6795294e+01
   9.0800000e+02  -5.6508807e+01
   9.1200000e+02  -5.5952322e+01
   9.1600000e+02  -5.5353441e+01
   9.2000000e+02  -5.5236080e+01
   9.2400000e+02  -5.5433732e+01
   9.2800000e+02  -5.6413403e+01
   9.3200000e+02  -5.8040552e+01
   9.3600000e+02  -6.0987464e+01
   9.4000000e+02  -6.4007134e+01
   9.4400000e+02  -6.3808747e+01
   9.4800000e+02  -6.0626380e+01
   9.5200000e+02  -5.7753054e+01
   9.5600000e+02  -5.5268555e+01
   9.6000000e+02  -5.3626110e+01
   9.6400000e+02  -5.2820849e+01
   9.6800000e+02  -5.2533765e+01
   9.7200000e+02  -5.2799858e+01
   9.7600000e+02  -5.3571771e+01
   9.8000000e+02  -5.4980966e+01
   9.8400000e+02  -5.7104610e+01
   9.8800000e+02  -5.9777574e+01
   9.9200000e+02  -6.0296669e+01
   9.9600000e+02  -5.8006240e+01
   1.0000000e+03  -5.5316648e+01
   1.0040000e+03  -5.3165535e+01
   1.0080000e+03  -5.1672373e+01
   1.0120000e+03  -5.0636067e+01
   1.0160000e+03  -5.0128180e+01
   1.0200000e+03  -4.9826075e+01
   1.0240000e+03  -4.9979815e+01
   1.0280000e+03  -5.0531247e+01
   1.0320000e+03  -5.1696672e+01
   1.0360000e+03  -5.3529742e+01
   1.0400000e+03  -5.6680552e+01
   1.0440000e+03  -6.1253740e+01
   1.0480000e+03  -6.3150198e+01
   1.0520000e+03  -5.8775718e+01
   1.0560000e+03  -5.5492527e+01
   1.0600000e+03  -5.3392584e+01
   1.0640000e+03  -5.1860747e+01
   1.0680000e+03  -5.0868674e+01
   1.0720000e+03  -5.0304335e+01
   1.0760000e+03  -5.0215178e+01
   1.0800000e+03  -5.0542041e+01
   1.0840000e+03  -5.1367099e+01
   1.0880000e+03  -5.2194959e+01
   1.0920000e+03  -5.2783276e+01
   1.0960000e+03  -5.2716764e+01
   1.1000000e+03  -5.2119720e+01
   1.1040000e+03  -5.1121217e+01
   1.1080000e+03  -4.9837513e+01
   1.1120000e+03  -4.8780536e+01
   1.1160000e+03  -4.7974724e+01
   1.1200000e+03  -4.7422879e+01
   1.1240000e+03  -4.6972684e+01
   1.1280000e+03  -4.6816786e+01
   1.1320000e+03  -4.6788261e+01
   1.1360000e+03  -4.7291463e+01
   1.1400000e+03  -4.8113995e+01
   1.1440000e+03  -4.9175702e+01
   1.1480000e+03  -5.0514113e+01
   1.1520000e+03  -5.1949077e+01
   1.1560000e+03  -5.3186113e+01
   1.1600000e+03  -5.3843835e+01
   1.1640000e+03  -5.3998447e+01
   1.1680000e+03  -5.3345273e+01
   1.1720000e+03  -5.2081963e+01
   1.1760000e+03  -5.1146480e+01
   1.1800000e+03  -5.0693622e+01
   1.1840000e+03  -5.0679750e+01
   1.1880000e+03  -5.1070736e+01
   1.1920000e+03  -5.1962260e+01
   1.1960000e+03  -5.3048220e+01
   1.2000000e+03  -5.4642068e+01
   1.2040000e+03  -5.6737004e+01
   1.2080000e+03  -5.9296007e+01
   1.2120000e+03  -6.2076180e+01
   1.2160000e+03  -6.2286923e+01
   1.2200000e+03  -6.0230020e+01
   1.2240000e+03  -5.7722554e+01
   1.2280000e+03  -5.6179785e+01
   1.2320000e+03  -5.5257302e+01
   1.2360000e+03  -5.4996859e+01
   1.2400000e+03  -5.5162265e+01
   1.2440000e+03  -5.5457434e+01
   1.2480000e+03  -5.6033303e+01
   1.2520000e+03  -5.7103049e+01
   1.2560000e+03  -5.8479768e+01
   1.2600000e+03  -6.0711679e+01
   1.2640000e+03  -6.3521157e+01
   1.2680000e+03  -6.6621716e+01
   1.2720000e+03  -6.9970684e+01
   1.2760000e+03  -7.3496450e+01
   1.2800000e+03  -7.9816950e+01
   1.2840000e+03  -7.5405080e+01
   1.2880000e+03  -7.0804699e+01
   1.2920000e+03  -6.7450908e+01
   1.2960000e+03  -6.5248533e+01
   1.3000000e+03  -6.3696945e+01
